0.999998649
0.999999191
0.999999713
1.00000083
1.0000019
1.00000349
1.00000503
1.00000703
1.00000895
1.00001123
1.00001345
1.00001587
1.0000182
1.00002062
1.00002293
1.00002522
1.00002738
1.00002949
1.00003145
1.00003329
1.00003502
1.00003663
1.00003816
1.00003965
1.00004115
1.00004267
1.00004427
1.00004596
1.00004776
1.00004966
1.0000517
1.0000539
1.00005619
1.00005855
1.00006094
1.00006332
1.00006566
1.00006798
1.00007023
1.00007236
1.0000744
1.00007638
1.00007829
1.00008019
1.00008208
1.00008403
1.00008608
1.00008835
1.00009081
1.00009345
1.00009632
1.00009944
1.00010275
1.00010619
1.00010974
1.00011334
1.00011693
1.00012044
1.00012382
1.00012702
1.00013001
1.00013277
1.00013527
1.00013765
1.0001399
1.00014205
1.00014414
1.00014623
1.00014836
1.00015056
1.00015286
1.00015522
1.00015762
1.00016001
1.00016236
1.00016461
1.00016671
1.00016866
1.00017042
1.000172
1.00017343
1.00017479
1.00017614
1.00017755
1.00017905
1.00018071
1.00018282
1.0001854
1.0001884
1.00019177
1.00019548
1.00019953
1.00020386
1.00020833
1.00021282
1.00021725
1.00022156
1.00022565
1.00022947
1.00023296
1.00023612
1.00023912
1.00024193
1.00024461
1.00024721
1.0002498
1.00025244
1.00025524
1.00025826
1.0002614
1.00026468
1.00026815
1.00027179
1.0002755
1.00027923
1.00028294
1.00028654
1.0002899
1.00029311
1.00029613
1.00029895
1.00030155
1.00030397
1.00030623
1.00030841
1.00031056
1.00031274
1.00031504
1.00031752
1.00032033
1.0003236
1.00032711
1.00033095
1.00033514
1.00033964
1.00034439
1.00034934
1.00035439
1.00035946
1.00036451
1.00036945
1.00037421
1.00037878
1.00038311
1.00038713
1.00039088
1.00039447
1.00039784
1.00040105
1.00040413
1.00040712
1.00041008
1.00041307
1.00041613
1.00041929
1.00042257
1.00042603
1.00042966
1.00043348
1.00043752
1.00044164
1.00044587
1.00045019
1.00045454
1.00045888
1.00046319
1.00046743
1.00047163
1.00047573
1.00047973
1.0004837
1.00048767
1.00049163
1.00049562
1.00049971
1.00050392
1.00050833
1.00051292
1.00051769
1.00052259
1.00052759
1.00053266
1.00053779
1.00054289
1.00054789
1.00055284
1.00055769
1.00056244
1.00056711
1.00057172
1.00057632
1.00058094
1.00058566
1.00059051
1.00059558
1.00060086
1.00060628
1.00061185
1.00061756
1.00062336
1.00062919
1.00063498
1.00064068
1.00064624
1.00065171
1.00065706
1.00066228
1.00066737
1.00067237
1.00067735
1.00068239
1.00068755
1.00069298
1.00069862
1.00070449
1.00071065
1.00071711
1.00072386
1.00073085
1.00073805
1.00074543
1.00075296
1.00076055
1.00076815
1.00077573
1.00078322
1.00079055
1.0007976
1.00080421
1.00081055
1.00081653
1.00082215
1.00082739
1.00083227
1.00083685
1.00084124
1.0008455
1.00084974
1.00085406
1.00085858
1.00086338
1.00086853
1.00087409
1.00088018
1.00088691
1.00089403
1.00090158
1.00090954
1.00091788
1.00092652
1.00093538
1.0009444
1.0009535
1.00096262
1.00097172
1.00098075
1.00098966
1.00099845
1.0010071
1.00101559
1.00102394
1.00103215
1.00104026
1.00104825
1.00105613
1.00106398
1.00107176
1.00107949
1.00108719
1.00109484
1.00110246
1.00111002
1.00111754
1.00112502
1.00113244
1.00113982
1.00114716
1.00115448
1.0011618
1.00116917
1.0011766
1.00118413
1.00119181
1.00119967
1.00120774
1.00121604
1.00122466
1.00123363
1.00124282
1.00125225
1.00126192
1.00127182
1.00128188
1.00129205
1.0013023
1.00131263
1.00132299
1.00133338
1.00134378
1.00135418
1.00136458
1.00137497
1.00138535
1.00139571
1.001406
1.00141613
1.00142612
1.00143597
1.00144563
1.00145508
1.0014643
1.00147332
1.00148218
1.00149094
1.00149968
1.00150847
1.0015174
1.00152655
1.00153598
1.00154576
1.00155605
1.00156676
1.00157781
1.00158919
1.00160088
1.0016128
1.00162487
1.00163705
1.00164928
1.00166157
1.0016739
1.00168626
1.00169867
1.00171118
1.0017238
1.00173652
1.00174933
1.00176222
1.0017751
1.00178788
1.00180041
1.00181251
1.00182438
1.00183587
1.00184697
1.00185766
1.00186799
1.0018781
1.00188808
1.00189806
1.00190816
1.00191852
1.0019293
1.00194069
1.00195306
1.00196599
1.00197958
1.00199376
1.00200848
1.00202362
1.00203902
1.00205448
1.00206984
1.00208494
1.00209955
1.00211354
1.00212715
1.00214043
1.00215337
1.00216604
1.00217858
1.00219112
1.00220382
1.00221676
1.00223002
1.00224375
1.0022579
1.00227232
1.00228702
1.00230198
1.00231717
1.00233257
1.00234815
1.00236386
1.00237969
1.00239564
1.00241169
1.00242774
1.00244371
1.00245948
1.00247491
1.00249019
1.00250518
1.00251992
1.00253443
1.00254877
1.00256301
1.00257724
1.00259161
1.00260627
1.00262139
1.00263723
1.00265346
1.00267016
1.00268745
1.0027053
1.00272355
1.00274209
1.0027608
1.00277953
1.00279814
1.00281652
1.0028345
1.00285191
1.00286882
1.0028854
1.00290157
1.00291738
1.00293294
1.00294835
1.00296372
1.00297917
1.00299477
1.00301062
1.00302674
1.00304317
1.00305993
1.00307702
1.00309445
1.0031123
1.0031305
1.00314892
1.00316759
1.0031865
1.00320554
1.00322466
1.00324383
1.00326297
1.00328203
1.003301
1.0033199
1.00333878
1.00335769
1.00337668
1.00339579
1.00341506
1.00343455
1.00345429
1.00347421
1.00349425
1.00351427
1.00353413
1.00355384
1.00357345
1.00359285
1.00361207
1.00363119
1.00365027
1.00366944
1.00368879
1.00370838
1.00372826
1.0037486
1.00376919
1.00379002
1.0038111
1.00383237
1.00385375
1.00387529
1.00389702
1.00391894
1.00394104
1.00396334
1.00398586
1.00400854
1.00403129
1.00405403
1.00407662
1.0040989
1.00412076
1.00414247
1.0041638
1.00418478
1.00420549
1.00422602
1.00424642
1.00426681
1.00428729
1.00430795
1.00432885
1.00435007
1.004371661875
1.00439376
1.00441661
1.00443986
1.00446364
1.00448805
1.0045130871875
1.00453869
1.00456481
1.00459136
1.00461821
1.00464517
1.00467198
1.00469827
1.00472355
1.00474763
1.00477104
1.00479339
1.00481466
1.00483499
1.00485466
1.00487396
1.00489324
1.00491285
1.0049331
1.00495429
1.00497686
1.00500132
1.0050267071875
1.0050532
1.00508082
1.00510937
1.00513854
1.00516802
1.00519759
1.00522701
1.0052560128125
1.00528434
1.00531174
1.00533796
1.00536346
1.00538832
1.00541258
1.00543629
1.00545967
1.00548301
1.00550665
1.00553093
1.0055564
1.00558257
1.00560942
1.00563699
1.0056652
1.00569382
1.00572261
1.00575131
1.00577972
1.00580766
1.00583499
1.0058619
1.00588852
1.00591481
1.00594079
1.00596654
1.00599213
1.00601761
1.006042986875
1.00606827
1.00609348
1.00611864
1.00614383
1.00616914
1.0061946525
1.00622049
1.00624674
1.00627357
1.006301285625
1.0063295
1.0063583846875
1.00638793
1.00641803
1.006448583125
1.0064795128125
1.0065107303125
1.006542124375
1.00657357
1.00660497625
1.00663625
1.0066673
1.00669801125
1.00672828
1.00675798
1.00678703
1.0068158071875
1.00684418
1.00687215
1.00689977625
1.00692718
1.00695448
1.00698178
1.0070092
1.00703688
1.00706490625
1.0070934
1.0071226371875
1.0071524428125
1.007182758125
1.007213613125
1.007245074375
1.0072770909375
1.0073095465625
1.0073423265625
1.007375313125
1.0074083640625
1.007441324375
1.0074740459375
1.0075064184375
1.00753835
1.007569716875
1.00760046
1.0076308915625
1.00766091
1.00769055
1.007719908125
1.00774903
1.00777799
1.00780687
1.00783573
1.00786464
1.0078936709375
1.0079229059375
1.00795245
1.00798239
1.00801287
1.0080440828125
1.00807563
1.00810751
1.008139710625
1.008172144375
1.00820472375
1.00823733625
1.008269845625
1.00830207375
1.00833394375
1.0083656
1.00839703
1.00842816
1.00845901
1.0084896759375
1.0085202590625
1.00855080375
1.00858142125
1.008612263125
1.0086435084375
1.00867543
1.0087077471875
1.00874054125
1.0087738003125
1.00880751625
1.0088415971875
1.008875835625
1.0089100096875
1.008943910625
1.00897727
1.0090099753125
1.009042315
1.0090741075
1.00910536
1.0091361365625
1.009166495
1.009196553125
1.009226428125
1.009256220625
1.009286040625
1.0093160590625
1.0093465921875
1.00937832875
1.0094109884375
1.0094446371875
1.00947949375
1.0095155678125
1.0095525746875
1.009590185625
1.0096280240625
1.0096656621875
1.0097027515625
1.0097390634375
1.0097744646875
1.0098088434375
1.009842085
1.0098747425
1.0099067603125
1.0099381603125
1.00996898
1.009999306875
1.0100292134375
1.01005876875
1.0100880696875
1.010117256875
1.0101465053125
1.0101760159375
1.010205989375
1.0102366371875
1.010268254375
1.010301174375
1.0103346671875
1.0103687453125
1.0104032640625
1.010438001875
1.0104727528125
1.0105073028125
1.0105414340625
1.0105750178125
1.01060809625
1.01064086875
1.010673135625
1.0107049940625
1.0107368403125
1.0107693509375
1.0108024175
1.0108362275
1.01087091
1.0109064615625
1.01094264625
1.010979114375
1.0110154840625
1.0110513628125
1.011086326875
1.0111199859375
1.011152863125
1.011184926875
1.01121621625
1.0112468609375
1.011277160625
1.011307504375
1.0113383915625
1.011370509375
1.0114034140625
1.0114369025
1.011471039375
1.0115058015625
1.0115408925
1.0115760271875
1.0116110584375
1.01164584
1.01168015875
1.011713765625
1.01174657125
1.0117789034375
1.0118106178125
1.01184175
1.01187237625
1.0119026140625
1.0119326271875
1.0119626028125
1.0119927353125
1.0120232384375
1.01205439375
1.012086461875
1.0121189125
1.012151764375
1.012185021875
1.0122185496875
1.012252015625
1.0122849740625
1.0123171928125
1.0123489784375
1.0123801390625
1.0124107259375
1.0124409303125
1.012470978125
1.01250103875
1.01253122
1.01256160125
1.0125922234375
1.01262318
1.01265457875
1.0126863640625
1.012718518125
1.012751126875
1.012784211875
1.0128176103125
1.0128509484375
1.012883815
1.0129158259375
1.0129471428125
1.0129777409375
1.0130075175
1.0130366146875
1.0130654609375
1.0130947834375
1.013125126875
1.0131561240625
1.0131878059375
1.013220419375
1.0132539578125
1.0132881040625
1.0133223775
1.01335627
1.013389291875
1.0134211396875
1.013451915625
1.013481665625
1.0135103890625
1.0135378078125
1.0135639965625
1.0135893328125
1.0136144834375
1.0136403165625
1.01366800875
1.013697356875
1.01372759875
1.01375852
1.013789859375
1.013821143125
1.013851796875
1.01388153125
1.0139104590625
1.013938656875
1.0139664396875
1.0139943690625
1.0140228725
1.01405211
1.0140820765625
1.0141127375
1.0141437096875
1.01417429125
1.0142037828125
1.0142321665625
1.01425974
1.0142863940625
1.0143123765625
1.0143383921875
1.01436492875
1.014392361875
1.014420876875
1.0144504209375
1.014480559375
1.014510685625
1.01454004125
1.014568020625
1.0145943721875
1.014619233125
1.0146430975
1.0146666646875
1.0146906325
1.01471550625
1.014741470625
1.0147682196875
1.014795335
1.0148225384375
1.0148498
1.01487731875
1.0149053990625
1.0149341775
1.014963476875
1.0149927878125
1.015021425625
1.0150487896875
1.015074434375
1.0150983303125
1.0151208046875
1.0151423459375
1.0151634265625
1.0151847153125
1.0152066034375
1.0152288675
1.0152510921875
1.0152731371875
1.01529494125
1.01531652375
1.015338143125
1.0153599471875
1.01538210375
1.0154043365625
1.0154262590625
1.01544752375
1.0154676034375
1.0154866221875
1.015503894375
1.0155195940625
1.0155355671875
1.0155528828125
1.01557237
1.0155944909375
1.01561914
1.0156451821875
1.01567055875
1.015692968125
1.015710523125
1.015722176875
1.01572793625
1.015729681875
1.015729128125
1.0157293171875
1.0157318328125
1.0157379065625
1.015746988125
1.015757778125
1.0157660715625
1.01576872625
1.0157644828125
1.01575256875
1.015733185
1.0157064053125
1.0156759115625
1.015639725
1.0155971915625
1.01554395125
1.015477558125
1.0153980690625
1.0153053753125
1.0152010390625
1.015083934375
1.0149610090625
1.0148241625
1.0146717346875
1.014496681875
1.0143055925
1.014081620625
1.0138256528125
1.0135530953125
1.013239543125
1.0129050409375
1.01254502875
1.012140128125
1.0116990196875
1.011218313375
1.010679382
1.01008983453125
1.00945888759375
1.00877212415625
1.0080392046875
1.007271958125
1.0064689465
1.00560102825
1.00468621471875
1.0037229408125
1.00268117171875
1.0015797193125
1.0004199626875
0.9992055685
0.9979608990625
0.9966722249062501
0.9953316491874999
0.9939296823125
0.9924707887812499
0.990950657125
0.98937498565625
0.9877644614375001
0.986084480375
0.9843838849062501
0.9826291644375
0.98087259925
0.9790265852812501
0.9771185670625
0.97523231446875
0.973286379375
0.9713569468125001
0.9694205756249999
0.967511255125
0.965545156875
0.9635324724375
0.96158533296875
0.95964818284375
0.9576818215
0.955804005375
0.95394727890625
0.9521736538750001
0.95033957928125
0.9486194808125
0.9469438761875
0.94525986184375
0.94364571028125
0.94218435703125
0.94080395628125
0.9394429650312499
0.9381087204374999
0.93694919415625
0.9358521213125001
0.9347742503437499
0.93375462484375
0.93289219790625
0.9320597618125001
0.9312190957499999
0.93051467721875
0.9299202268437501
0.9292835495937499
0.9286582626875
0.92822246459375
0.92776852565625
0.9272699702812501
0.9268695827500001
0.926483548125
0.9261127696875
0.92579555771875
0.9255105520625
0.92525520875
0.9249589113125001
0.9247600005000001
0.92453788875
0.92436361421875
0.9241774166250001
0.92401910365625
0.9238779191875001
0.92375629040625
0.9235914255
0.9235260294375
0.92343894090625
0.92334185665625
0.9232767951562499
0.92317261590625
0.923120367125
0.92306301484375
0.9230169977187499
0.9229744180624999
0.9229385357812501
0.92292361121875
0.922877520875
0.92286790721875
0.92283243778125
0.9228112304375
0.92280096575
0.9227793563125
0.9227638208437501
0.92274707815625
0.922728805
0.92272256446875
0.922715931375
0.92270781796875
0.92272221703125
0.92271817621875
0.9227235767499999
0.9227375104062501
0.9227255539375
0.922719381375
0.9227128656875
0.922707691875
0.9227093497187501
0.9227287398125
0.92274252265625
0.9227580615312501
0.9227795314375
0.92280139971875
0.92281510990625
0.92284782125
0.922865174625
0.92287714853125
0.9229104886249999
0.9229113558124999
0.9229699575625
0.923011559125
0.923088272625
0.923149568875
0.9232227301875
0.9232928405312499
0.92336043890625
0.9234246304375
0.9235212606250001
0.92361057415625
0.923711000125
0.92387253771875
0.92401895125
0.9241534895000001
0.9243666115625
0.9245539570625001
0.9247463265625
0.92495068678125
0.9252278470937499
0.9254596475000001
0.9258027398125001
0.926115214
0.926476345
0.92688588325
0.9272565415625
0.92772959540625
0.928201876625
0.9286940220312501
0.9293181370000001
0.929929357125
0.930543006875
0.9312965749375
0.93206716090625
0.93284730475
0.9337808125625
0.93475427909375
0.9358071414062501
0.93699434440625
0.938147434
0.9394345965937501
0.9408290258125001
0.9422422218437501
0.94372542834375
0.945256504875
0.946905157375
0.94860521378125
0.9503368425000001
0.9521554813749999
0.9539472156562501
0.9558018649375
0.9576495500937501
0.95963433334375
0.9615538794062499
0.9634869199687499
0.9654936463124999
0.9674969774062501
0.96948203165625
0.971460231
0.97338864865625
0.9753328573125
0.9771883170937501
0.9790399258125
0.98084645146875
0.98259147534375
0.98435894015625
0.9860439893124999
0.9877084174999999
0.9893088205
0.99089284296875
0.9924327076875
0.9939400738749999
0.9953731753125
0.9967593754374999
0.99806009396875
0.99930148059375
1.00047776753125
1.001596331
1.00267020721875
1.00369932496875
1.0046767835625
1.0056037764375
1.00645657121875
1.0072723986875
1.0080558461875
1.0087851646875
1.00945484259375
1.01006713090625
1.01063678634375
1.0111528705
1.0116368796875
1.01209132625
1.01251248875
1.0128880584375
1.01323125125
1.013554018125
1.013832624375
1.0140940696875
1.014326766875
1.0145291921875
1.0147125503125
1.01486513625
1.0149924978125
1.015097529375
1.0151899496875
1.0152732640625
1.0153517921875
1.0154268678125
1.015498173125
1.0155641278125
1.015623728125
1.0156741959375
1.01571450625
1.0157457009375
1.0157665634375
1.0157810771875
1.0157891178125
1.0157914021875
1.0157864265625
1.015776176875
1.0157624928125
1.015747778125
1.0157323078125
1.015718839375
1.01570647875
1.0156963209375
1.01568715375
1.01567769
1.0156667453125
1.015653781875
1.0156384203125
1.0156208759375
1.0156012509375
1.01558033
1.015558620625
1.015536724375
1.01551523125
1.0154945534375
1.015475045625
1.0154569871875
1.0154402515625
1.01542438125
1.0154088709375
1.0153932925
1.0153773303125
1.0153597665625
1.015340560625
1.015319765625
1.01529683875
1.01527110875
1.0152436928125
1.0152146865625
1.015184115625
1.0151531309375
1.0151229721875
1.0150946746875
1.0150683975
1.01504343625
1.015019075625
1.0149951884375
1.014971664375
1.01494832375
1.0149248778125
1.01490113
1.014876968125
1.014852501875
1.014827913125
1.0148030028125
1.014777356875
1.014750719375
1.01472340625
1.0146958028125
1.0146681865625
1.0146406653125
1.014613186875
1.014585609375
1.0145577184375
1.0145294775
1.01450108
1.01447293875
1.0144455046875
1.0144190865625
1.014393700625
1.0143691671875
1.0143450721875
1.0143208953125
1.0142961428125
1.014270378125
1.014243154375
1.0142142696875
1.0141838321875
1.0141522584375
1.0141196296875
1.0140860984375
1.01405223875
1.014018776875
1.01398628375
1.0139551
1.0139252059375
1.013896628125
1.013869109375
1.0138423503125
1.0138164546875
1.0137911925
1.013765904375
1.0137401090625
1.01371345375
1.0136856659375
1.0136567453125
1.013626733125
1.0135956715625
1.013563335
1.0135299671875
1.0134962265625
1.0134628853125
1.0134305840625
1.0133994425
1.01336910375
1.0133394878125
1.013310841875
1.013283405
1.0132565840625
1.0132299640625
1.013203200625
1.0131759425
1.0131479196875
1.013119001875
1.0130891784375
1.0130584190625
1.013026880625
1.0129938190625
1.0129594971875
1.0129243184375
1.012888645
1.0128527721875
1.0128169675
1.0127814721875
1.0127464959375
1.012712185625
1.012678559375
1.0126455575
1.0126131115625
1.0125813384375
1.0125504346875
1.0125208871875
1.0124920290625
1.0124635425
1.01243521125
1.0124068615625
1.0123783496875
1.012349546875
1.0123203103125
1.012290459375
1.012259815625
1.0122283803125
1.012196253125
1.0121633684375
1.0121295853125
1.0120954815625
1.012061589375
1.012028295
1.0119956409375
1.0119633309375
1.0119311640625
1.0118990071875
1.0118666109375
1.011833748125
1.0117998384375
1.0117648953125
1.0117291821875
1.0116931784375
1.0116575309375
1.01162282875
1.011589240625
1.011556765625
1.0115268640625
1.0114989853125
1.0114718678125
1.0114445575
1.0114163209375
1.01138663125
1.01135537625
1.0113226959375
1.011288779375
1.011253050625
1.0112163359375
1.0111794575
1.0111430878125
1.011107688125
1.0110734859375
1.0110403415625
1.0110078253125
1.010976315
1.0109451178125
1.010913646875
1.0108816228125
1.01084896875
1.0108158534375
1.010781899375
1.010747343125
1.0107125234375
1.01067781875
1.0106436275
1.010610060625
1.0105770434375
1.0105446528125
1.0105128275
1.0104809475
1.01044866
1.01041580375
1.0103825140625
1.010348198125
1.01031295125
1.0102770559375
1.0102408128125
1.0102045478125
1.0101686046875
1.01013324375
1.010098650625
1.0100648846875
1.0100319825
1.010000080625
1.009969439375
1.009939530625
1.00991017125
1.0098811853125
1.0098523453125
1.0098234165625
1.009794173125
1.0097643478125
1.0097337159375
1.00970217125
1.009669779375
1.0096367059375
1.009602796875
1.0095680384375
1.00953292
1.00949780375
1.00946299
1.009428786875
1.009395274375
1.0093622909375
1.00932964
1.0092975
1.00926558125
1.00923368375
1.009201608125
1.009169254375
1.009136748125
1.0091039046875
1.009070671875
1.009037171875
1.009003543125
1.0089698675
1.00893622
1.008902711875
1.0088694153125
1.00883635125
1.008803559375
1.00877111625
1.00873905
1.00870734
1.0086762446875
1.0086455659375
1.0086152453125
1.008585235625
1.00855547
1.00852584
1.008496214375
1.008466495
1.0084366065625
1.008406490625
1.0083761
1.00834544
1.00831453375
1.00828339
1.00825201
1.0082204
1.00818849
1.0081561790625
1.0081234853125
1.0080903753125
1.0080568796875
1.00802311
1.007989224375
1.0079554075
1.0079219053125
1.0078889565625
1.0078567240625
1.007825236875
1.00779443
1.0077640840625
1.00773431
1.00770451
1.0076744303125
1.0076440625
1.007613459375
1.007582385625
1.0075508946875
1.007519139375
1.0074873253125
1.0074556665625
1.00742442
1.0073937328125
1.0073636340625
1.007334235
1.007305681875
1.0072775025
1.00724944
1.00722126
1.00719276625
1.00716383
1.00713447
1.0071047346875
1.00707471
1.0070442034375
1.0070134384375
1.006982635625
1.0069519321875
1.0069213859375
1.0068910578125
1.006861009375
1.00683127
1.00680184
1.00677272
1.006744255
1.00671636625
1.00668897
1.0066619875
1.0066353
1.00660875
1.00658214
1.0065552671875
1.00652795
1.00650012
1.00647175
1.006443
1.006413516875
1.00638361
1.00635358
1.00632369
1.00629413
1.00626501
1.0062363040625
1.0062079578125
1.00617985
1.0061518628125
1.0061239178125
1.00609595
1.00606793
1.00603981
1.00601167
1.00598364
1.00595582
1.00592826
1.00590102
1.00587417
1.0058478065625
1.00582173
1.00579579
1.00576987
1.00574389
1.00571781
1.0056916
1.00566526
1.00563883
1.00561238
1.00558591
1.00555944
1.0055331
1.00550684
1.00548069
1.00545461
1.00542861
1.00540263
1.00537667
1.00535073
1.00532489
1.00529908
1.00527332
1.00524764
1.00522225
1.00519725
1.00517281
1.00514892
1.00512562
1.00510281
1.00508035
1.00505801
1.00503563
1.00501294
1.00498965
1.00496558
1.00494099
1.00491525
1.00488832
1.00486058
1.0048324
1.00480408
1.00477597
1.00474848
1.00472186
1.00469621
1.00467157
1.00464784
1.00462472
1.00460231
1.00458026
1.00455821
1.00453599
1.00451355
1.00449088
1.00446807
1.00444521
1.00442241
1.00439976
1.00437732
1.00435511
1.00433313
1.0043113
1.00428954
1.00426779
1.00424601
1.00422417
1.00420227
1.00418036
1.00415848
1.0041367
1.00411505
1.00409355
1.00407223
1.00405104
1.00402996
1.00400891
1.00398787
1.00396683
1.00394575
1.00392467
1.00390358
1.00388252
1.00386151
1.00384054
1.0038196
1.00379866
1.00377769
1.00375663
1.00373547
1.00371418
1.00369277
1.00367129
1.00364978
1.0036283
1.00360693
1.00358574
1.00356483
1.00354425
1.00352401
1.00350413
1.00348464
1.0034655
1.00344682
1.00342842
1.00341024
1.00339223
1.00337431
1.00335643
1.00333852
1.00332053
1.00330245
1.00328426
1.003266
1.00324771
1.00322943
1.00321124
1.00319319
1.00317532
1.00315762
1.00314007
1.00312265
1.0031053
1.00308796
1.00307059
1.00305318
1.00303574
1.00301827
1.00300078
1.0029833
1.00296587
1.00294851
1.00293121
1.00291395
1.00289668
1.0028794
1.00286201
1.00284445
1.00282671
1.00280876
1.00279058
1.00277217
1.00275361
1.00273502
1.00271645
1.00269797
1.00267975
1.00266195
1.00264465
1.00262789
1.00261169
1.00259597
1.00258112
1.00256682
1.00255293
1.00253934
1.00252596
1.00251264
1.00249927
1.00248575
1.00247202
1.00245805
1.00244383
1.00242935
1.00241467
1.00239984
1.00238498
1.00237002
1.00235503
1.00234009
1.00232518
1.00231031
1.00229544
1.00228059
1.00226576
1.00225096
1.00223619
1.00222152
1.00220698
1.0021926
1.00217842
1.00216448
1.00215077
1.00213725
1.00212394
1.00211078
1.00209765
1.0020845
1.00207132
1.00205808
1.00204467
1.00203109
1.00201732
1.0020034
1.00198939
1.00197534
1.00196135
1.00194746
1.00193377
1.00192037
1.00190735
1.00189467
1.00188229
1.00187049
1.0018591
1.00184803
1.00183723
1.00182664
1.0018162
1.00180583
1.00179545
1.00178499
1.00177437
1.00176354
1.00175246
1.0017411
1.00172944
1.00171758
1.00170531
1.00169273
1.00167994
1.00166703
1.00165408
1.00164119
1.00162842
1.00161583
1.00160354
1.00159165
1.00158017
1.00156903
1.0015582
1.00154781
1.00153775
1.00152785
1.00151798
1.0015081
1.0014981
1.00148789
1.00147759
1.00146716
1.00145655
1.00144576
1.00143488
1.00142405
1.00141332
1.00140274
1.00139237
1.00138232
1.00137257
1.00136331
1.00135455
1.00134617
1.00133812
1.00133034
1.00132274
1.00131523
1.00130773
1.00130011
1.00129224
1.00128404
1.0012754246875
1.00126634
1.00125697
1.001247
1.00123652
1.00122566
1.0012146
1.00120347
1.00119239
1.00118153
1.00117107
1.00116113
1.00115171
1.00114285
1.00113461
1.00112699
1.00112022
1.00111389
1.00110786
1.00110204
1.00109631
1.00109056
1.0010847
1.00107869
1.00107246
1.00106593
1.00105909
1.00105195
1.00104453
1.00103682
1.00102884
1.00102048
1.00101186
1.001003
1.00099392
1.00098469
1.00097534
1.00096587
1.00095637
1.00094702
1.00093784
1.00092884
1.00092013
1.00091185
1.00090404
1.00089663
1.00088962
1.00088311
1.00087718
1.00087161
1.00086628
1.00086113
1.00085605
1.00085094
1.00084571
1.0008403
1.00083466
1.00082878
1.00082265
1.00081632
1.00080989
1.00080331
1.00079669
1.00079013
1.0007837
1.00077745
1.00077136
1.00076538
1.00075947
1.0007536
1.00074774
1.00074186
1.00073589
1.00072983
1.00072368
1.00071747
1.00071126
1.00070506
1.00069893
1.00069291
1.00068706
1.00068139
1.00067587
1.00067047
1.00066513
1.00065982
1.00065449
1.00064908
1.00064352
1.0006377878125
1.00063185
1.0006257
1.00061935
1.00061285
1.00060624
1.0005996
1.000593
1.00058652
1.00058023
1.00057419
1.0005685
1.00056318
1.0005582
1.000553525625
1.00054932
1.00054539
1.00054166
1.00053805
1.0005345
1.00053094
1.00052729
1.0005235
1.00051952
1.00051532
1.0005109
1.0005062875
1.00050157
1.0004967
1.00049172
1.00048675
1.00048186
1.0004771
1.00047245
1.00046797
1.00046372
1.00045976
1.00045603
1.0004525
1.00044915
1.00044596
1.00044288
1.0004398765625
1.0004369
1.00043393
1.00043092
1.00042785
1.00042471
1.00042149
1.00041821
1.00041487
1.00041146
1.00040798
1.00040443
1.0004008
1.00039708
1.00039321
1.00038923
1.00038501
1.00038059
1.00037594
1.00037105
1.00036597
1.00036072
1.00035532
1.00034987
1.00034445
1.00033914
1.00033398
1.00032907
1.0003245
1.00032028
1.00031643
1.00031294
1.00030978
1.00030696
1.00030448
1.00030218
1.00029997
1.00029776
1.00029551
1.00029316
1.00029061
1.00028785
1.00028487
1.00028168
1.00027828
1.00027477
1.00027109
1.00026731
1.00026356
1.00025995
1.00025645
1.00025309
1.0002499
1.00024706
1.00024451
1.0002422
1.00024007
1.00023809
1.0002362
1.00023436
1.00023248
1.00023051
1.00022842
1.00022618
1.00022375
1.00022114
1.00021836
1.00021542
1.00021239
1.00020923
1.00020603
1.00020283
1.00019966
1.00019655
1.00019351
1.00019054
1.00018765
1.00018485
1.00018213
1.00017946
1.00017684
1.00017425
1.00017167
1.00016907
1.00016644
1.00016377
1.00016105
1.00015826
1.00015542
1.00015251
1.00014954
1.00014654
1.00014352
1.00014048
1.00013745
1.0001345
1.00013162
1.00012884
1.00012618
1.00012366
1.00012125
1.00011893
1.00011673
1.00011462
1.00011253
1.00011038
1.00010815
1.00010586
1.0001035
1.000101
1.00009836
1.00009561
1.00009275
1.00008985
1.00008694
1.00008402
1.0000812
1.00007855
1.00007602
1.0000736
1.00007144
1.00006946
1.00006763
1.00006591
1.00006424
1.00006257
1.00006082
1.000059
1.00005704
1.0000549
1.00005259
1.00005013
1.0000474
1.00004449
1.00004146
1.00003837
1.00003527
1.00003225
1.00002939
1.00002674
1.00002433
1.00002206
1.00001997
1.00001844
1.00001744
1.00001653
1.00001579
1.0000152
1.00001473
1.00001425
1.00001382
1.00001321
1.00001261
1.00001162
1.00001071
1.00000949
1.0000085
1.00000696
1.00000534
1.00000454
