0.02139785903737208
0.002259523153531425
-0.002903369816513185
0.008451571411620708
-0.001763895110056658
0.004517992844321442
0.001315386004042888
0.003225727858854477
0.002400791534352307
0.003067000391212092
0.002863661095697405
0.003134148777347901
0.003031208435121383
0.003179877301705393
0.003150997057844663
0.003221004336015489
0.003193952841646397
0.003210753244418088
0.003211791047684579
0.003141256946789787
0.00318639291542155
0.003142261379467316
0.003051783772233155
0.003007931867787144
0.003058660229506667
0.002912214440113907
0.002828819601191419
0.002814452767464665
0.002689078762518801
0.002565465962965312
0.002436588488153549
0.002282472626450455
0.002218894938040621
0.00210349709439236
0.002058637178454837
0.001956959853062982
0.001815398285190034
0.001773767735691809
0.001625978896001461
0.001570554293151293
0.001450530846443431
0.001384885318391612
0.001244668757335155
0.001193709964960029
0.001070953823647082
0.001005790848731244
0.0009014813123634399
0.0008207336807101754
0.0007469657157367282
0.0006591673372966239
0.0005698745182111531
0.0005353252823934336
0.0004311909511889335
0.0003630129760564473
0.0003126510090000728
0.0002369601893843199
0.0001627156948615207
9.195992574679581e-05
3.754428504258238e-05
-0.0001554259658886566
-0.000329888438654474
-0.000605797718192504
-0.0009281808700224312
-0.001208093575085036
-0.00122121931260478
-0.001206682482866875
-0.00108973072970326
-0.001165462102244264
-0.001166702509444137
-0.001177264737542841
-0.001289190749738885
-0.001297999806320491
-0.001380974380178832
-0.001455024895181153
-0.001579118177802451
-0.001669961763359528
-0.001820480887987299
-0.001946215502686087
-0.002051906074689661
-0.002168969585531892
-0.002305940695282213
-0.002434083710781058
-0.002573746646276842
-0.002723070494585142
-0.002933287727607749
-0.003076004572660642
-0.003222856345998483
-0.003396407707871816
-0.003492065363478492
-0.003644448668268945
-0.003619313815425915
-0.003648302059890406
-0.003631344085986434
-0.003543418091889525
-0.003539860680954215
-0.003500019807437083
-0.003441020166820373
-0.003352319410372937
-0.003350071563731854
-0.003304378619305434
-0.003229161300877492
-0.003164109290639988
-0.003088235487131271
-0.003022415047001514
-0.002988974491583324
-0.002841940474213587
-0.002905378647554691
-0.002823819303242043
-0.002809016394621355
-0.002840792454138332
-0.002797488664204642
-0.002833464796539402
-0.002748254451783106
-0.002661286227527581
-0.002578914949464031
-0.002481335372830172
-0.002391199686952
-0.002296091269820659
-0.002172055275939932
-0.00211438056659447
-0.002029437114967678
-0.001978844135110296
-0.001936808080648227
-0.001810616330825674
-0.00180285949835577
-0.001729856632653041
-0.001662370260163166
-0.001619310902128827
-0.001540319317337347
-0.001480321137034719
-0.001393225879792383
-0.001386462755392849
-0.001293703817693067
-0.001173083519658627
-0.001157013214373623
-0.001119687071441446
-0.001014567384625484
-0.0009378333679329751
-0.000852332779122202
-0.0007947973173321564
-0.0007570651028431081
-0.0006672608545977713
-0.0006368661326659602
-0.0005943955655760411
-0.0004958966254158653
-0.0004186943376664268
-0.0003323518988874627
-0.0002959683316904429
-0.0002898419119404047
-0.0001844773007506059
-6.046296020967637e-05
-0.000169117523543195
-9.68996349305871e-06
9.884290034632808e-05
9.162258438415475e-06
0.0001940011497307817
0.0001158914577538597
0.0002502474530913721
0.000304719501859728
0.0002383433492857737
0.0004525903215281987
0.0004734159084009286
0.0003282003100368375
0.0004241543101391727
0.0006258966478864904
0.0006544085220439389
0.000664401670764569
0.0006567328387147782
0.00069816650097207
0.0007345022946462841
0.0007595883916819152
0.0007677541847463547
0.0007986326185782599
0.0008665015596280613
0.001072956865752543
0.001066338342054748
0.0007341223025379909
0.001099890043682748
0.001068327295807472
0.0008518517427749224
0.00126978188369373
0.0009754015615652854
0.001012066726580005
0.001257208677771259
0.0008616437469521759
0.001148826973429891
0.001175135481489774
0.0009041636204461111
0.0008548545698219296
0.001028687511396845
0.0009333139947175269
0.000735529027854096
0.0007266293726609715
0.0004660404739133459
0.0004402755463904401
0.000255512734204067
0.0002116929218926394
0.0001532787785499288
-3.282148526092412e-05
2.394184564151643e-05
-0.0004851945032774848
-0.001169277842825884
-0.001469758331511312
-0.000830153926142493
-0.001684949755157586
-0.002546950101925536
-0.001552514036345981
-0.002989751663086182
-0.002705423774296424
-0.002729125204663292
-0.00372546253758345
-0.003366670290874788
-0.003869007983873371
-0.003499509760678239
-0.00340187492058981
-0.004314102370046679
-0.003942065980138563
-0.003709486386035764
-0.00349082626418158
-0.003452014360745508
-0.00347144868346556
-0.003403821446070232
-0.00346387565354376
-0.003193081401282313
-0.003364019183689652
-0.003319043661930997
-0.003353033403109799
-0.003094296566782813
-0.003025127312344633
-0.002880649139014674
-0.002578575368491121
-0.002404385970391405
-0.002847835489521617
-0.002900048907643062
-0.00263120106633401
-0.001615709693376153
-0.0006940815130252893
-0.001526790211518735
-0.002299504115805008
-0.001598357690992859
-0.0008182964351469445
-0.000671516971494577
-0.0009813422734238299
-0.001818359149586464
-0.002187176644283322
-0.002553711182447857
-0.002741339752965061
-0.003614860552788827
-0.004987900823867435
-0.007188522532788424
-0.01033659582193624
-0.01341135081994558
-0.01947728380460368
-0.0376438634381362
-0.03318955195362498
-0.01368166262121934
-0.01368076158301851
-0.03318816586852821
-0.03764434105420177
-0.01947939728705205
-0.01341204361735577
-0.01033556763256145
-0.007185867795691008
-0.004985564318082127
-0.00361988840869738
-0.002744492039883159
-0.002549763346517592
-0.002183948201938322
-0.001822039161369743
-0.0009832317162283041
-0.0006632834893962072
-0.0008280887397242657
-0.001597398850253909
-0.002286710647389605
-0.001543531065830908
-0.0006892236333720891
-0.001605952641535572
-0.002647084837016993
-0.002888517994474392
-0.002841874704942143
-0.002425843211984844
-0.002566181709045912
-0.002871568051883939
-0.003041978392403399
-0.003084463805201057
-0.003348764387149575
-0.003333743289607942
-0.003362898995043519
-0.003177996036614507
-0.003458588411934716
-0.003435536373957433
-0.003462907292294341
-0.003423615995484908
-0.003514919307546861
-0.003741238337604303
-0.003863705015585182
-0.004277348532917257
-0.003518276302395578
-0.003522117084738843
-0.003770064573300138
-0.0033326288240675
-0.003798495079288115
-0.002783120953354513
-0.002664355154236434
-0.0029565547037056
-0.001558226378182673
-0.002554314728789946
-0.001697270890875655
-0.0008244861550727524
-0.001471140004295133
-0.001170719951990863
-0.0004803292429761431
2.73949935078571e-05
-3.948898736879099e-05
0.0001515823510587578
0.0002160251417920375
0.0002578696164790155
0.0004402876846722752
0.0004628694648958517
0.0007229885923912168
0.0007359276028944031
0.0009372809387739487
0.001031221951563472
0.0008536544668549185
0.0009020216088898368
0.001174271554033574
0.00114859107399327
0.0008620897282432555
0.001258623080031914
0.001012771875635888
0.0009745512020613074
0.001269670475430516
0.0008516827259200709
0.00106721933469214
0.001099746336174092
0.0007351476895826321
0.001067519270995557
0.00107335062599437
0.0008655528126651586
0.000797088766128055
0.000766890975716065
0.000760738770962409
0.0007364828544676355
0.0006985759007388613
0.0006558445357568299
0.0006631075023250066
0.0006534456064049608
0.0006263322574100819
0.0004255603991909396
0.0003290843995930791
0.0004730891432535466
0.0004517462462864393
0.0002377880527163345
0.0003044632377627512
0.0002505271002260276
0.000116577712391911
0.0001943574811234828
9.098754008932502e-06
9.861503618284545e-05
-1.005523584750081e-05
-0.0001695786046804266
-6.045144036149759e-05
-0.000184012149143082
-0.0002893554932435105
-0.0002957107632535068
-0.0003325572875084255
-0.0004192762821247367
-0.0004964492894773752
-0.0005944774181174369
-0.0006361657155019631
-0.0006665327088106738
-0.0007569557721924954
-0.0007951420998022831
-0.000853107635150146
-0.0009383919994491139
-0.001014281741797032
-0.001118854947635392
-0.001156475785838038
-0.001173156799940385
-0.001294232235649291
-0.001387135912544389
-0.001393476997772661
-0.001479872475055088
-0.001539592307256677
-0.001619023275774134
-0.001662613280597636
-0.00173037069248151
-0.001803333653959833
-0.001810635043161581
-0.001936314846861669
-0.001978331199565875
-0.002029360322015226
-0.002114674630230912
-0.002172476944844015
-0.00229635101504699
-0.002391075562543953
-0.002480923651123407
-0.002578600009190745
-0.002661335171663569
-0.002748520829018469
-0.002833748318423817
-0.002797628985293069
-0.002840634554664928
-0.002808694921127685
-0.002823649813340038
-0.002905460318602014
-0.002842152834087067
-0.00298917851658779
-0.003022470060774809
-0.003088077774683731
-0.003163864606871099
-0.003229064271642129
-0.003304475261082062
-0.003350246983501623
-0.003352489672907244
-0.003441035507247603
-0.003499828915647307
-0.003539666919260188
-0.003543386316704053
-0.003631459974929969
-0.003648481965140407
-0.003619431072814343
-0.003644380384695901
-0.003491864295089405
-0.003396277732031482
-0.003222901783105728
-0.003076151143384456
-0.002933436130579668
-0.002723097322652659
-0.002573595967942954
-0.002433922142806792
-0.002305908890585928
-0.002169069397708533
-0.00205205695158211
-0.001946292819209905
-0.001820405768266501
-0.001669801352874693
-0.00157904043176124
-0.001455085698244182
-0.001381110004107894
-0.001298099821895087
-0.001289153113404625
-0.001177126252415622
-0.001166610839555851
-0.001165497887499798
-0.001089841234521777
-0.001206773940719873
-0.001221207215831171
-0.0012079781629324
-0.0009280901121408851
-0.0006058199426124392
-0.000329986933666413
-0.000155505995952912
3.755974872056964e-05
9.205676078675319e-05
0.0001627883190462013
0.0002369391675221851
0.0003125672921273231
0.0003629452917625346
0.0004312091279441244
0.0005354090280303422
0.0005699280173581445
0.0006591409568722793
0.0007468975653084574
0.0008206824987255652
0.000901496893373795
0.001005860104958829
0.001070998018981348
0.001193690474179453
0.00124460777985038
0.00138483793331717
0.001450553402350672
0.001570628993673896
0.001626015163004322
0.001773717106966798
0.001815350151366626
0.001956961651283248
0.002058637947034265
0.002103544943667702
0.002218952127307552
0.002282408966742355
0.002436521001249157
0.002565500784185466
0.002689106994853399
0.00281446281688837
0.002828844331308904
0.002912172104457824
0.003058605492865234
0.003007967424470789
0.003051816230229527
0.003142270358639714
0.003186388953096734
0.003141221556775998
0.003211768193998683
0.003210782170152116
0.003193995999243741
0.003220999463443921
0.0031509708221358
0.003179852097688123
0.003031212948754795
0.003134185609010003
0.002863674963975391
0.003066979445165573
0.002400759030113629
0.003225723326714528
0.001315425443344065
0.004518010028967091
-0.001763924088095083
0.008451553158443193
-0.002903362424241429
0.002259533128853438
0.02139786290238748
