-6.7829e-06
-6.3785e-06
-5.9828e-06
-5.5956e-06
-5.2171e-06
-4.8472e-06
-4.4859e-06
-4.1332e-06
-3.7892e-06
-3.4537e-06
-3.1269e-06
-2.8088e-06
-2.4992e-06
-2.1983e-06
-1.9059e-06
-1.6222e-06
-1.3472e-06
-1.0807e-06
-8.2286e-07
-5.7365e-07
-3.3305e-07
-1.0108e-07
1.2227e-07
3.3701e-07
5.4312e-07
7.4061e-07
9.2948e-07
1.1097e-06
1.2814e-06
1.4444e-06
1.5987e-06
1.7445e-06
1.8817e-06
2.0102e-06
2.1301e-06
2.2414e-06
2.344e-06
2.4381e-06
2.5235e-06
2.6003e-06
2.6685e-06
2.728e-06
2.779e-06
2.8213e-06
2.855e-06
2.88e-06
2.8965e-06
2.9043e-06
2.9035e-06
2.8941e-06
2.8761e-06
2.7259e-06
2.5449e-06
2.3374e-06
2.1072e-06
1.8669e-06
1.6305e-06
1.4184e-06
1.2169e-06
1.0151e-06
8.1924e-07
6.5212e-07
4.7968e-07
2.9829e-07
1.0507e-07
-8.4511e-08
-2.92e-07
-5.0937e-07
-7.2707e-07
-9.436e-07
-1.1611e-06
-1.3702e-06
-1.5645e-06
-1.7333e-06
-1.8683e-06
-1.9628e-06
-2.0096e-06
-2.0061e-06
-1.9448e-06
-1.8002e-06
-1.6004e-06
-1.3797e-06
-1.1263e-06
-8.3871e-07
-5.329e-07
-2.162e-07
1.0388e-07
4.0651e-07
6.8518e-07
9.3614e-07
1.15e-06
1.3208e-06
1.4555e-06
1.5347e-06
1.5503e-06
1.5283e-06
1.4615e-06
1.3325e-06
1.1394e-06
9.0213e-07
6.3017e-07
3.1625e-07
-2.6453e-08
-3.8213e-07
-7.4217e-07
-1.0969e-06
-1.4297e-06
-1.7312e-06
-1.9899e-06
-2.2011e-06
-2.3751e-06
-2.5038e-06
-2.577e-06
-2.6165e-06
-2.6425e-06
-2.6546e-06
-2.6548e-06
-2.6552e-06
-2.6675e-06
-2.6897e-06
-2.7185e-06
-2.7531e-06
-2.7853e-06
-2.7992e-06
-2.78e-06
-2.7088e-06
-2.5649e-06
-2.3518e-06
-2.074e-06
-1.7317e-06
-1.3345e-06
-8.9453e-07
-4.3772e-07
5.0168e-09
4.2504e-07
8.2488e-07
1.1593e-06
1.3752e-06
1.4993e-06
1.5489e-06
1.5212e-06
1.432e-06
1.2849e-06
1.1084e-06
9.3966e-07
7.7805e-07
6.2761e-07
5.1598e-07
4.5301e-07
4.3788e-07
4.7165e-07
5.3343e-07
5.9563e-07
6.6412e-07
7.4109e-07
8.1166e-07
8.6231e-07
8.8265e-07
8.6497e-07
8.2469e-07
7.8766e-07
7.5618e-07
7.3316e-07
7.1832e-07
7.2582e-07
7.7191e-07
8.5783e-07
1.0051e-06
1.2076e-06
1.4454e-06
1.7254e-06
2.042e-06
2.378e-06
2.7263e-06
3.0747e-06
3.3981e-06
3.6723e-06
3.8595e-06
3.9461e-06
3.9391e-06
3.7903e-06
3.5066e-06
3.1151e-06
2.6041e-06
1.999e-06
1.3276e-06
6.1254e-07
-1.125e-07
-8.0834e-07
-1.4481e-06
-2.007e-06
-2.458e-06
-2.7831e-06
-2.9506e-06
-2.9688e-06
-2.8607e-06
-2.6437e-06
-2.3317e-06
-1.9301e-06
-1.4711e-06
-9.7694e-07
-4.6986e-07
2.2537e-08
4.7822e-07
8.8381e-07
1.2254e-06
1.4896e-06
1.6673e-06
1.7544e-06
1.7468e-06
1.6557e-06
1.503e-06
1.2913e-06
1.0266e-06
7.3221e-07
4.2577e-07
1.1631e-07
-1.8969e-07
-4.8261e-07
-7.5149e-07
-9.9996e-07
-1.2346e-06
-1.4526e-06
-1.6548e-06
-1.8516e-06
-2.0502e-06
-2.2563e-06
-2.4785e-06
-2.707e-06
-2.9299e-06
-3.1381e-06
-3.3195e-06
-3.4678e-06
-3.5676e-06
-3.5955e-06
-3.5427e-06
-3.4026e-06
-3.1806e-06
-2.8937e-06
-2.547e-06
-2.1498e-06
-1.72e-06
-1.2851e-06
-8.6598e-07
-4.8291e-07
-1.5717e-07
1.192e-07
3.4939e-07
5.2223e-07
6.4241e-07
7.2373e-07
7.835e-07
8.3041e-07
8.7548e-07
9.0863e-07
9.1726e-07
9.2301e-07
9.3005e-07
9.2797e-07
9.103e-07
8.6794e-07
8.0026e-07
6.9968e-07
5.6043e-07
4.0905e-07
2.5365e-07
8.8628e-08
-7.4626e-08
-2.2964e-07
-3.5346e-07
-4.2941e-07
-4.9813e-07
-5.6657e-07
-6.1267e-07
-6.5314e-07
-6.9696e-07
-7.4237e-07
-7.7929e-07
-7.7338e-07
-7.1405e-07
-6.2105e-07
-4.7361e-07
-2.4555e-07
7.2972e-08
4.8095e-07
9.6259e-07
1.5021e-06
2.0781e-06
2.6556e-06
3.1884e-06
3.6218e-06
3.9469e-06
4.1733e-06
4.2674e-06
4.181e-06
3.9443e-06
3.6056e-06
3.1776e-06
2.6881e-06
2.1621e-06
1.6394e-06
1.1555e-06
7.4151e-07
4.6588e-07
3.258e-07
2.6089e-07
2.7699e-07
3.7081e-07
5.1672e-07
6.8531e-07
8.3875e-07
9.4629e-07
9.789e-07
9.0724e-07
7.0321e-07
3.8679e-07
1.663e-08
-4.0119e-07
-8.6055e-07
-1.324e-06
-1.7571e-06
-2.124e-06
-2.4004e-06
-2.5744e-06
-2.6264e-06
-2.5384e-06
-2.354e-06
-2.0976e-06
-1.7642e-06
-1.3785e-06
-9.5326e-07
-5.024e-07
-4.8578e-08
3.8934e-07
8.0353e-07
1.1824e-06
1.4989e-06
1.7135e-06
1.819e-06
1.7997e-06
1.6574e-06
1.4166e-06
1.0706e-06
6.4072e-07
1.5486e-07
-3.7115e-07
-9.103e-07
-1.428e-06
-1.8934e-06
-2.2782e-06
-2.536e-06
-2.675e-06
-2.7533e-06
-2.7464e-06
-2.632e-06
-2.4371e-06
-2.1784e-06
-1.8877e-06
-1.5884e-06
-1.2912e-06
-1.0115e-06
-7.6424e-07
-5.8378e-07
-4.8164e-07
-4.1344e-07
-3.8015e-07
-4.0395e-07
-4.7193e-07
-5.7376e-07
-6.9881e-07
-8.517e-07
-1.0403e-06
-1.2239e-06
-1.3885e-06
-1.547e-06
-1.6834e-06
-1.7906e-06
-1.8618e-06
-1.8853e-06
-1.8549e-06
-1.8036e-06
-1.7418e-06
-1.6631e-06
-1.5966e-06
-1.5679e-06
-1.5859e-06
-1.6577e-06
-1.7937e-06
-1.9928e-06
-2.2276e-06
-2.458e-06
-2.6284e-06
-2.7204e-06
-2.7398e-06
-2.6496e-06
-2.4214e-06
-2.048e-06
-1.5477e-06
-9.583e-07
-3.1872e-07
3.18e-07
9.1161e-07
1.4496e-06
1.8879e-06
2.1434e-06
2.2202e-06
2.1779e-06
2.0242e-06
1.7752e-06
1.4575e-06
1.1003e-06
7.6074e-07
4.6901e-07
2.2425e-07
6.9818e-08
6.1349e-08
1.752e-07
3.6642e-07
6.5839e-07
1.0592e-06
1.5382e-06
2.071e-06
2.6271e-06
3.1719e-06
3.6677e-06
4.0664e-06
4.3192e-06
4.4228e-06
4.3678e-06
4.1708e-06
3.8553e-06
3.4045e-06
2.842e-06
2.2061e-06
1.5236e-06
8.1532e-07
1.101e-07
-5.5671e-07
-1.1511e-06
-1.6373e-06
-1.9659e-06
-2.1227e-06
-2.0846e-06
-1.8447e-06
-1.448e-06
-8.8263e-07
-1.4348e-07
7.2621e-07
1.6788e-06
2.6612e-06
3.6079e-06
4.4196e-06
5.0374e-06
5.4452e-06
5.5183e-06
5.1599e-06
4.4749e-06
3.5228e-06
2.2832e-06
8.1929e-07
-7.7063e-07
-2.3817e-06
-3.9081e-06
-5.2242e-06
-6.2348e-06
-6.9251e-06
-7.2424e-06
-7.059e-06
-6.4819e-06
-5.6601e-06
-4.5833e-06
-3.307e-06
-1.9273e-06
-5.4197e-07
7.7939e-07
1.9816e-06
3.0067e-06
3.8004e-06
4.3279e-06
4.5301e-06
4.4294e-06
4.1612e-06
3.7428e-06
3.1658e-06
2.4969e-06
1.8067e-06
1.1709e-06
6.607e-07
3.7372e-07
3.2992e-07
4.2201e-07
6.3196e-07
9.6526e-07
1.351e-06
1.7275e-06
2.032e-06
2.2093e-06
2.2183e-06
2.0296e-06
1.6739e-06
1.2376e-06
7.6368e-07
2.694e-07
-2.2723e-07
-6.8912e-07
-1.0852e-06
-1.4149e-06
-1.6794e-06
-1.8938e-06
-2.0764e-06
-2.2304e-06
-2.3505e-06
-2.4498e-06
-2.5219e-06
-2.5242e-06
-2.4465e-06
-2.2514e-06
-1.9364e-06
-1.5566e-06
-1.1145e-06
-6.2914e-07
-1.4062e-07
3.2155e-07
7.294e-07
1.0591e-06
1.2993e-06
1.4488e-06
1.5142e-06
1.5236e-06
1.5026e-06
1.4222e-06
1.2731e-06
1.0745e-06
8.6886e-07
6.9514e-07
5.3039e-07
3.6816e-07
2.2335e-07
1.0518e-07
2.0105e-08
-2.5322e-08
-2.4017e-08
1.9477e-08
6.3096e-08
1.2983e-07
2.6817e-07
3.8131e-07
4.1996e-07
4.1071e-07
3.3346e-07
1.654e-07
-1.1051e-07
-4.9255e-07
-9.6523e-07
-1.4935e-06
-1.9927e-06
-2.3791e-06
-2.6945e-06
-2.9543e-06
-3.0918e-06
-3.0477e-06
-2.8129e-06
-2.4359e-06
-1.9511e-06
-1.4043e-06
-8.5153e-07
-3.436e-07
5.3755e-08
1.958e-07
1.2574e-07
-5.2176e-08
-3.8945e-07
-8.767e-07
-1.4607e-06
-2.0549e-06
-2.6421e-06
-3.247e-06
-3.8139e-06
-4.2844e-06
-4.6288e-06
-4.7806e-06
-4.7569e-06
-4.665e-06
-4.5141e-06
-4.2668e-06
-3.9217e-06
-3.5313e-06
-3.1658e-06
-2.8719e-06
-2.7337e-06
-2.7814e-06
-2.9262e-06
-3.1536e-06
-3.473e-06
-3.8021e-06
-4.1101e-06
-4.3878e-06
-4.5834e-06
-4.6572e-06
-4.5731e-06
-4.3599e-06
-4.1107e-06
-3.852e-06
-3.6103e-06
-3.432e-06
-3.2781e-06
-3.1308e-06
-3.0059e-06
-2.8827e-06
-2.7355e-06
-2.5362e-06
-2.264e-06
-1.9096e-06
-1.472e-06
-9.4876e-07
-3.2624e-07
4.5613e-07
1.3887e-06
2.3656e-06
3.4226e-06
4.5683e-06
5.7074e-06
6.7819e-06
7.7165e-06
8.4304e-06
8.8621e-06
8.9875e-06
8.8094e-06
8.3468e-06
7.6088e-06
6.6869e-06
5.7074e-06
4.6987e-06
3.7091e-06
2.7584e-06
1.8382e-06
1.0057e-06
2.9761e-07
-2.7585e-07
-6.9545e-07
-9.3957e-07
-9.9473e-07
-8.5804e-07
-5.2381e-07
4.9872e-08
7.4423e-07
1.4055e-06
2.0597e-06
2.6606e-06
3.1144e-06
3.3755e-06
3.41e-06
3.2015e-06
2.7709e-06
2.1855e-06
1.4769e-06
6.7012e-07
-1.4367e-07
-8.2316e-07
-1.2658e-06
-1.4694e-06
-1.4373e-06
-1.1655e-06
-6.906e-07
-8.6664e-08
5.5649e-07
1.1553e-06
1.6323e-06
1.893e-06
1.9592e-06
1.9286e-06
1.7804e-06
1.5078e-06
1.1564e-06
7.7006e-07
3.8429e-07
1.1865e-07
5.6232e-08
5.4381e-08
7.8909e-08
1.8283e-07
3.1322e-07
4.2555e-07
5.1446e-07
5.9448e-07
6.3419e-07
5.7007e-07
3.9826e-07
1.8817e-07
-3.7868e-08
-3.0314e-07
-5.9497e-07
-8.9623e-07
-1.1979e-06
-1.4955e-06
-1.811e-06
-2.1188e-06
-2.3561e-06
-2.485e-06
-2.5642e-06
-2.6787e-06
-2.7961e-06
-2.8816e-06
-2.9528e-06
-3.037e-06
-3.1457e-06
-3.2655e-06
-3.3704e-06
-3.4402e-06
-3.4382e-06
-3.3114e-06
-3.0294e-06
-2.5857e-06
-1.9846e-06
-1.2389e-06
-3.7397e-07
5.7903e-07
1.5e-06
2.2616e-06
2.9154e-06
3.4213e-06
3.6654e-06
3.6181e-06
3.2398e-06
2.5083e-06
1.4933e-06
3.3897e-07
-8.9585e-07
-2.1557e-06
-3.3191e-06
-4.2093e-06
-4.704e-06
-4.8699e-06
-4.765e-06
-4.3374e-06
-3.5744e-06
-2.5438e-06
-1.3487e-06
-1.0339e-07
1.0768e-06
2.089e-06
2.8975e-06
3.5024e-06
3.8749e-06
3.9458e-06
3.5997e-06
2.9268e-06
2.136e-06
1.3688e-06
8.5067e-07
7.3305e-07
8.7063e-07
1.1633e-06
1.6432e-06
2.2325e-06
2.7917e-06
3.2473e-06
3.6369e-06
3.9569e-06
4.1361e-06
4.186e-06
4.2213e-06
4.2418e-06
4.1842e-06
4.0555e-06
3.8538e-06
3.5283e-06
3.0056e-06
2.3109e-06
1.6465e-06
1.0598e-06
4.8629e-07
7.4442e-08
-2.4756e-08
2.136e-07
7.6157e-07
1.5277e-06
2.2962e-06
2.8679e-06
3.1941e-06
3.1509e-06
2.6167e-06
1.6548e-06
4.1619e-07
-9.1545e-07
-2.1652e-06
-3.1767e-06
-3.836e-06
-4.1315e-06
-4.1883e-06
-4.1031e-06
-3.8812e-06
-3.5062e-06
-2.9378e-06
-2.1618e-06
-1.2295e-06
-2.6283e-07
5.6509e-07
1.0729e-06
1.0965e-06
6.3218e-07
-1.8421e-07
-1.2537e-06
-2.4745e-06
-3.6809e-06
-4.6624e-06
-5.3225e-06
-5.7629e-06
-6.0505e-06
-6.1658e-06
-6.1184e-06
-5.9176e-06
-5.5579e-06
-5.0356e-06
-4.3988e-06
-3.7388e-06
-3.1501e-06
-2.7936e-06
-2.638e-06
-2.6484e-06
-2.9839e-06
-3.4929e-06
-3.8398e-06
-3.8022e-06
-3.1918e-06
-1.9037e-06
-4.9047e-08
2.0083e-06
3.801e-06
4.9007e-06
5.0587e-06
4.2818e-06
2.6826e-06
6.2712e-07
-1.1381e-06
-2.3068e-06
-2.5935e-06
-1.9095e-06
-5.4297e-07
8.4823e-07
2.0253e-06
2.559e-06
2.2937e-06
1.6326e-06
5.4097e-07
-1.049e-07
1.1278e-08
3.9342e-07
6.875e-07
5.7268e-07
-5.057e-07
-2.1598e-06
-3.9819e-06
-5.1757e-06
-5.3551e-06
-5.1824e-06
-4.2639e-06
-3.2984e-06
-1.2563e-06
-2.4346e-07
-1.1346e-06
-3.9695e-07
-1.7749e-06
-1.5224e-06
-4.6072e-07
2.771e-07
1.9377e-06
8.9295e-07
-1.4099e-06
-5.3237e-06
-9.0062e-06
-1.3444e-05
-1.7232e-05
-1.912e-05
-1.8494e-05
-1.5939e-05
-1.5044e-05
-1.4037e-05
-1.1959e-05
-1.3052e-05
-1.7964e-05
-2.2485e-05
-1.9447e-05
-1.0321e-05
-6.8337e-06
-3.1811e-06
1.7343e-07
1.8354e-06
6.4542e-06
6.1876e-06
9.328e-06
1.919e-05
2.1652e-05
2.4889e-05
3.1324e-05
3.6762e-05
3.0738e-05
2.5868e-05
3.9439e-05
5.4634e-05
6.5748e-05
7.1537e-05
7.7716e-05
8.5963e-05
8.319e-05
8.9717e-05
0.00010659
0.0001132
0.00011473
0.00012305
0.00014024
0.00014487
0.00014951
0.0001738
0.00018464
0.00018095
0.00018198
0.00019466
0.00021514
0.00021297
0.00021243
0.00022975
0.00024013
0.00023771
0.00024733
0.00026084
0.00025674
0.00024437
0.00026051
0.00025958
0.00023849
0.00025581
0.00024918
0.00024714
0.00024727
0.00024038
0.00025177
0.00025297
0.00024311
0.00023916
0.00023249
0.00022409
0.00022305
0.00021614
0.00021017
0.00020681
0.00020574
0.00020106
0.0001968
0.00018896
0.00017836
0.00017239
0.00016851
0.00016338
0.00015287
0.00013941
0.00012514
0.00010836
9.4537e-05
8.0644e-05
6.6151e-05
5.4244e-05
4.1805e-05
2.7067e-05
1.129e-05
-7.5269e-06
-2.7026e-05
-4.7982e-05
-6.7437e-05
-7.9589e-05
-9.0389e-05
-0.00010057
-0.00010811
-0.00011639
-0.00012353
-0.00013577
-0.00015042
-0.00016151
-0.00017451
-0.00018487
-0.00019082
-0.00019471
-0.00019555
-0.00020381
-0.00021783
-0.00022269
-0.00022791
-0.00023098
-0.00023414
-0.00023727
-0.0002339
-0.00023336
-0.00023742
-0.00023412
-0.00023032
-0.00023215
-0.00023628
-0.00022592
-0.00021392
-0.00022116
-0.00022584
-0.00022907
-0.00023386
-0.00022418
-0.00022562
-0.00021828
-0.00021402
-0.00021634
-0.00021212
-0.00020656
-0.00020486
-0.00021238
-0.00021358
-0.00020747
-0.00022759
-0.00024078
-0.00021573
-0.00021565
-0.00021894
-0.00022134
-0.00023021
-0.00021465
-0.00020611
-0.00022382
-0.0002114
-0.00021409
-0.00022936
-0.00022091
-0.0002087
-0.00022613
-0.00022865
-0.00020236
-0.00021863
-0.00021791
-0.00021004
-0.00021549
-0.00021095
-0.0002103
-0.00021656
-0.00021464
-0.00021136
-0.00020441
-0.00020684
-0.00021302
-0.0002065
-0.00021464
-0.00022447
-0.00022886
-0.0002303
-0.00023338
-0.0002389
-0.00024127
-0.00024166
-0.00023914
-0.00023693
-0.00023892
-0.0002322
-0.00022508
-0.00022199
-0.00022381
-0.00023065
-0.0002328
-0.00023217
-0.00023358
-0.00022421
-0.00021354
-0.00020239
-0.00019054
-0.00017829
-0.00016411
-0.00015253
-0.00014028
-0.00013214
-0.00012363
-0.00011395
-0.00010676
-9.3527e-05
-7.7066e-05
-6.2352e-05
-4.326e-05
-3.0072e-05
-1.9192e-05
-4.728e-06
8.8301e-06
2.3912e-05
4.0056e-05
5.3957e-05
6.6202e-05
7.8844e-05
9.4628e-05
0.00010784
0.00012181
0.00013669
0.0001489
0.00015894
0.00016578
0.00017268
0.00018102
0.00018654
0.00019104
0.00019725
0.00019852
0.00020155
0.00021245
0.00020917
0.00021431
0.00022362
0.00022872
0.00022874
0.00023118
0.00023762
0.00024115
0.00024332
0.00025047
0.00025048
0.00025528
0.00026526
0.00025133
0.00025839
0.0002578
0.00024543
0.00026204
0.00025491
0.00023384
0.00024301
0.00023464
0.00022739
0.00022554
0.00021495
0.00020843
0.00020126
0.00019374
0.00017881
0.00016789
0.0001638
0.00014956
0.0001474
0.00014408
0.00012488
0.00011945
0.00011645
0.00010547
9.1853e-05
8.8891e-05
8.2389e-05
6.8231e-05
6.805e-05
6.8721e-05
6.1361e-05
5.3077e-05
4.4989e-05
4.2982e-05
4.2222e-05
3.6366e-05
2.4807e-05
1.3187e-05
1.014e-05
6.3255e-07
-8.9733e-06
-1.2174e-05
-1.2201e-05
-6.8385e-06
-3.0529e-06
-1.4574e-06
1.9505e-06
-3.6897e-07
-4.3599e-06
-6.5603e-06
-8.1038e-06
-9.1096e-06
-1.0088e-05
-1.3874e-05
-1.7658e-05
-1.6906e-05
-1.6585e-05
-1.5177e-05
-1.2205e-05
-1.0985e-05
-1.1315e-05
-1.098e-05
-1.2522e-05
-1.1452e-05
-8.6927e-06
-5.98e-06
-3.4113e-06
-7.512e-07
1.0889e-06
1.7075e-06
4.6126e-06
5.6978e-06
5.9234e-06
5.994e-06
3.6051e-06
-4.2921e-07
-5.274e-06
-9.3005e-06
-1.1974e-05
-1.2847e-05
-1.1838e-05
-9.376e-06
-5.835e-06
-1.8323e-06
1.8625e-06
4.9897e-06
7.2292e-06
8.5376e-06
9.4194e-06
9.4632e-06
8.5992e-06
7.0108e-06
4.3716e-06
1.4352e-06
-1.225e-06
-3.5002e-06
-4.852e-06
-5.3461e-06
-5.0488e-06
-4.2278e-06
-3.2217e-06
-2.0675e-06
-8.4394e-07
1.7096e-07
8.8671e-07
1.2153e-06
1.1258e-06
8.7155e-07
5.3708e-07
9.8041e-08
-3.005e-07
-5.2623e-07
-5.0492e-07
-1.8958e-07
3.265e-07
8.2888e-07
1.3035e-06
1.7253e-06
1.9841e-06
2.1006e-06
2.0464e-06
1.6618e-06
9.5069e-07
5.1312e-08
-1.0519e-06
-2.2713e-06
-3.4023e-06
-4.2085e-06
-4.4564e-06
-4.248e-06
-3.8722e-06
-3.4792e-06
-3.1179e-06
-2.7606e-06
-2.3804e-06
-1.9981e-06
-1.6185e-06
-1.2104e-06
-6.4995e-07
1.1845e-07
9.6402e-07
1.7002e-06
2.1957e-06
2.3976e-06
2.2975e-06
2.0014e-06
1.3567e-06
2.426e-07
-1.0888e-06
-2.4345e-06
-3.6166e-06
-4.469e-06
-4.8244e-06
-4.6503e-06
-3.9821e-06
-2.7354e-06
-1.0189e-06
8.5837e-07
2.6446e-06
4.1292e-06
5.1408e-06
5.5945e-06
5.5444e-06
5.024e-06
4.106e-06
2.9437e-06
1.6743e-06
4.5089e-07
-6.0394e-07
-1.352e-06
-1.7426e-06
-1.8157e-06
-1.6424e-06
-1.3413e-06
-9.7173e-07
-4.7948e-07
5.9985e-08
5.0622e-07
8.7047e-07
1.1855e-06
1.4406e-06
1.5959e-06
1.7002e-06
1.7475e-06
1.634e-06
1.3635e-06
1.0105e-06
6.7719e-07
4.0675e-07
1.5112e-07
-1.5691e-07
-4.3132e-07
-5.8806e-07
-7.1237e-07
-8.1347e-07
-8.7249e-07
-9.2186e-07
-9.8763e-07
-1.073e-06
-1.1734e-06
-1.2546e-06
-1.2609e-06
-1.287e-06
-1.4211e-06
-1.6605e-06
-1.9654e-06
-2.2441e-06
-2.5214e-06
-2.8533e-06
-3.2434e-06
-3.7011e-06
-4.2329e-06
-4.8026e-06
-5.3389e-06
-5.8632e-06
-6.295e-06
-6.4387e-06
-6.2848e-06
-5.8912e-06
-5.3106e-06
-4.5832e-06
-3.7136e-06
-2.7464e-06
-1.7538e-06
-8.042e-07
3.9763e-08
7.096e-07
1.1976e-06
1.4997e-06
1.5425e-06
1.3458e-06
1.0408e-06
7.2909e-07
4.4742e-07
1.8484e-07
-7.2349e-08
-3.3058e-07
-6.1162e-07
-9.3287e-07
-1.3764e-06
-2.0035e-06
-2.7818e-06
-3.6452e-06
-4.4722e-06
-5.1258e-06
-5.5014e-06
-5.6329e-06
-5.3017e-06
-4.324e-06
-2.9134e-06
-1.2546e-06
4.7228e-07
2.1181e-06
3.5544e-06
4.7609e-06
5.7394e-06
6.3129e-06
6.4408e-06
6.2532e-06
5.8606e-06
5.3764e-06
4.9259e-06
4.5837e-06
4.2925e-06
4.1491e-06
4.257e-06
4.4804e-06
4.6957e-06
4.8934e-06
5.0949e-06
5.2171e-06
5.1815e-06
4.998e-06
4.6932e-06
4.2927e-06
3.8977e-06
3.4864e-06
3.0313e-06
2.6524e-06
2.3448e-06
2.0463e-06
1.7481e-06
1.4793e-06
1.1711e-06
7.1737e-07
1.1808e-07
-5.5665e-07
-1.2668e-06
-2.0049e-06
-2.7375e-06
-3.4336e-06
-4.0367e-06
-4.5657e-06
-4.9817e-06
-5.1765e-06
-5.1795e-06
-5.0794e-06
-4.9155e-06
-4.6836e-06
-4.4061e-06
-4.1032e-06
-3.7965e-06
-3.5155e-06
-3.2697e-06
-3.0583e-06
-2.8327e-06
-2.6139e-06
-2.5065e-06
-2.4348e-06
-2.317e-06
-2.1829e-06
-2.0237e-06
-1.8214e-06
-1.6116e-06
-1.4334e-06
-1.2499e-06
-1.0419e-06
-8.3304e-07
-6.41e-07
-4.9104e-07
-3.7386e-07
-2.8839e-07
-2.8019e-07
-3.7609e-07
-5.7265e-07
-8.6901e-07
-1.2497e-06
-1.7047e-06
-2.2351e-06
-2.7984e-06
-3.3486e-06
-3.8301e-06
-4.214e-06
-4.485e-06
-4.5905e-06
-4.5254e-06
-4.3152e-06
-3.9774e-06
-3.5289e-06
-2.9807e-06
-2.3748e-06
-1.7487e-06
-1.1177e-06
-4.9853e-07
9.798e-08
6.6348e-07
1.1993e-06
1.7062e-06
2.1663e-06
2.574e-06
2.9298e-06
3.1947e-06
3.3345e-06
3.3058e-06
3.0748e-06
2.6438e-06
2.0396e-06
1.3096e-06
5.2768e-07
-2.0193e-07
-7.8862e-07
-1.1519e-06
-1.2429e-06
-1.0391e-06
-5.6386e-07
1.535e-07
1.0814e-06
2.1254e-06
3.1854e-06
4.149e-06
4.916e-06
5.4222e-06
5.6342e-06
5.5737e-06
5.2961e-06
4.8802e-06
4.4018e-06
3.9201e-06
3.5267e-06
3.2743e-06
3.1481e-06
3.1218e-06
3.1457e-06
3.1655e-06
3.1327e-06
3.0312e-06
2.8535e-06
2.5478e-06
2.1028e-06
1.5702e-06
9.9691e-07
4.2066e-07
-1.2954e-07
-6.2758e-07
-1.0531e-06
-1.3976e-06
-1.672e-06
-1.8372e-06
-1.8613e-06
-1.7695e-06
-1.5724e-06
-1.2848e-06
-9.2796e-07
-5.2647e-07
-1.1237e-07
2.7634e-07
5.9845e-07
8.4513e-07
1.0282e-06
1.0892e-06
1.0029e-06
8.2736e-07
6.1355e-07
4.0932e-07
2.5576e-07
1.7472e-07
1.6791e-07
2.2669e-07
3.3306e-07
4.625e-07
5.9111e-07
6.9571e-07
7.5042e-07
7.3809e-07
6.6508e-07
5.418e-07
3.7971e-07
1.8297e-07
-3.1093e-08
-2.1376e-07
-3.7641e-07
-5.6081e-07
-7.6723e-07
-9.9205e-07
-1.2349e-06
-1.4908e-06
-1.7538e-06
-2.0116e-06
-2.2454e-06
-2.444e-06
-2.613e-06
-2.7397e-06
-2.8226e-06
-2.8767e-06
-2.9121e-06
-2.9498e-06
-3.0025e-06
-3.0744e-06
-3.1609e-06
-3.2518e-06
-3.3324e-06
-3.3994e-06
-3.4401e-06
-3.4268e-06
-3.3197e-06
-3.0889e-06
-2.7157e-06
-2.1908e-06
-1.5204e-06
-7.2605e-07
1.5224e-07
1.0814e-06
2.0201e-06
2.9023e-06
3.6677e-06
4.3384e-06
4.8616e-06
5.1139e-06
5.1129e-06
4.9325e-06
4.6072e-06
4.1663e-06
3.6761e-06
3.2114e-06
2.7985e-06
2.43e-06
2.1161e-06
1.8114e-06
1.5229e-06
1.272e-06
9.3779e-07
4.7891e-07
-6.2731e-08
-6.6749e-07
-1.3074e-06
-1.9428e-06
-2.5256e-06
-3.012e-06
-3.3739e-06
-3.5963e-06
-3.6767e-06
-3.6265e-06
-3.4688e-06
-3.2411e-06
-2.9801e-06
-2.6984e-06
-2.4085e-06
-2.1292e-06
-1.8597e-06
-1.5894e-06
-1.3072e-06
-1.0053e-06
-6.8033e-07
-3.3391e-07
2.4947e-08
3.7917e-07
7.096e-07
1.0029e-06
1.2502e-06
1.4436e-06
1.5797e-06
1.6772e-06
1.7424e-06
1.7783e-06
1.8071e-06
1.841e-06
1.8758e-06
1.8983e-06
1.9116e-06
1.9148e-06
1.8966e-06
1.8511e-06
1.7706e-06
1.647e-06
1.4753e-06
1.2556e-06
9.9591e-07
6.9917e-07
3.5363e-07
-1.7888e-08
-3.9625e-07
-8.0308e-07
-1.2136e-06
-1.5998e-06
-1.9608e-06
-2.2883e-06
-2.5776e-06
-2.8262e-06
-3.0334e-06
-3.1962e-06
-3.3102e-06
-3.3735e-06
-3.3848e-06
-3.3323e-06
-3.2143e-06
-3.0394e-06
-2.776e-06
-2.4082e-06
-1.9656e-06
-1.4718e-06
-9.4705e-07
-4.1699e-07
9.043e-08
5.5411e-07
9.5315e-07
1.2642e-06
1.483e-06
1.6223e-06
1.7079e-06
1.7344e-06
1.7036e-06
1.663e-06
1.638e-06
1.6329e-06
1.6547e-06
1.7096e-06
1.7673e-06
1.7939e-06
1.7905e-06
1.7506e-06
1.6429e-06
1.441e-06
1.1414e-06
7.4972e-07
2.6869e-07
-3.0143e-07
-9.1317e-07
-1.5511e-06
-2.2158e-06
-2.8634e-06
-3.4726e-06
-3.9689e-06
-4.312e-06
-4.5272e-06
-4.613e-06
-4.5606e-06
-4.3645e-06
-4.035e-06
-3.59e-06
-3.0441e-06
-2.4352e-06
-1.7685e-06
-1.0322e-06
-2.6688e-07
4.9222e-07
1.2222e-06
1.89e-06
2.4708e-06
2.9422e-06
3.2807e-06
3.4866e-06
3.5476e-06
3.48e-06
3.2816e-06
2.9162e-06
2.4355e-06
1.9104e-06
1.3773e-06
8.6396e-07
4.0142e-07
2.3042e-08
-2.5211e-07
-4.2942e-07
-4.9485e-07
-4.3804e-07
-2.9031e-07
-7.9856e-08
1.738e-07
4.6348e-07
7.8249e-07
1.0978e-06
1.3831e-06
1.6326e-06
1.8374e-06
1.9914e-06
2.1058e-06
2.1894e-06
2.2243e-06
2.2097e-06
2.1831e-06
2.1421e-06
2.0517e-06
1.9471e-06
1.85e-06
1.7668e-06
1.6829e-06
1.5619e-06
1.4363e-06
1.335e-06
1.2632e-06
1.2218e-06
1.2143e-06
1.2466e-06
1.314e-06
1.4024e-06
1.5086e-06
1.6389e-06
1.7498e-06
1.7978e-06
1.7998e-06
1.759e-06
1.6591e-06
1.5002e-06
1.2873e-06
1.028e-06
7.5467e-07
5.0959e-07
3.1287e-07
1.7035e-07
7.4125e-08
5.6617e-08
1.3997e-07
2.8401e-07
4.551e-07
6.2992e-07
7.835e-07
8.7906e-07
9.0646e-07
8.7042e-07
7.4995e-07
5.3235e-07
2.3563e-07
-1.0378e-07
-4.5494e-07
-8.008e-07
-1.1222e-06
-1.3755e-06
-1.5491e-06
-1.6142e-06
-1.5308e-06
-1.3192e-06
-9.9587e-07
-5.7902e-07
-9.5485e-08
4.2639e-07
9.5559e-07
1.4538e-06
1.8785e-06
2.1914e-06
2.3523e-06
2.3575e-06
2.2264e-06
1.9119e-06
1.3919e-06
7.1254e-07
-8.49e-08
-9.5716e-07
-1.8673e-06
-2.7787e-06
-3.636e-06
-4.3893e-06
-5.0222e-06
-5.5093e-06
-5.8542e-06
-6.0537e-06
-6.0544e-06
-5.8751e-06
-5.5844e-06
-5.224e-06
-4.8125e-06
-4.3743e-06
-3.9305e-06
-3.5056e-06
-3.1264e-06
-2.8005e-06
-2.535e-06
-2.327e-06
-2.1722e-06
-2.0613e-06
-1.9905e-06
-1.9791e-06
-2.0199e-06
-2.0957e-06
-2.2108e-06
-2.3615e-06
-2.5402e-06
-2.7532e-06
-3.0042e-06
-3.2669e-06
-3.5163e-06
-3.755e-06
-3.9747e-06
-4.1339e-06
-4.2057e-06
-4.1801e-06
-4.0597e-06
-3.8199e-06
-3.419e-06
-2.8775e-06
-2.2294e-06
-1.499e-06
-7.0935e-07
1.0594e-07
8.9745e-07
1.6305e-06
2.2857e-06
2.8353e-06
3.2471e-06
3.5172e-06
3.6724e-06
3.6987e-06
3.6148e-06
3.4538e-06
3.2228e-06
2.9713e-06
2.7349e-06
2.5256e-06
2.35e-06
2.2125e-06
2.1214e-06
2.0848e-06
2.0873e-06
2.1137e-06
2.1598e-06
2.2138e-06
2.2763e-06
2.3537e-06
2.4284e-06
2.4818e-06
2.519e-06
2.5578e-06
2.5967e-06
2.6035e-06
2.5663e-06
2.4948e-06
2.395e-06
2.2673e-06
2.1064e-06
1.9084e-06
1.677e-06
1.4183e-06
1.133e-06
8.2456e-07
5.0343e-07
1.8007e-07
-1.3703e-07
-4.4057e-07
-7.234e-07
-9.6955e-07
-1.1667e-06
-1.3017e-06
-1.3877e-06
-1.4319e-06
-1.4022e-06
-1.3054e-06
-1.1648e-06
-9.8961e-07
-7.897e-07
-5.7333e-07
-3.5107e-07
-1.37e-07
5.5788e-08
2.178e-07
3.4217e-07
4.2341e-07
4.7316e-07
4.9477e-07
4.7616e-07
4.3282e-07
3.8761e-07
3.4368e-07
3.0348e-07
2.6792e-07
2.518e-07
2.6868e-07
3.1283e-07
3.8328e-07
4.7444e-07
5.8065e-07
6.9992e-07
8.3723e-07
9.8662e-07
1.1392e-06
1.3011e-06
1.4817e-06
1.6855e-06
1.9067e-06
2.141e-06
2.3967e-06
2.6762e-06
2.9698e-06
3.2714e-06
3.5705e-06
3.8474e-06
4.0934e-06
4.2953e-06
4.4099e-06
4.4305e-06
4.3684e-06
4.1927e-06
3.8972e-06
3.5021e-06
3.0152e-06
2.4544e-06
1.8538e-06
1.2436e-06
6.4056e-07
6.5899e-08
-4.4298e-07
-8.7022e-07
-1.2286e-06
-1.4814e-06
-1.6321e-06
-1.6979e-06
-1.6637e-06
-1.5604e-06
-1.4203e-06
-1.2848e-06
-1.18e-06
-1.1169e-06
-1.1041e-06
-1.1136e-06
-1.2311e-06
-1.5067e-06
-1.8341e-06
-2.1829e-06
-2.5649e-06
-2.9778e-06
-3.3733e-06
-3.7257e-06
-4.0013e-06
-4.1956e-06
-4.3161e-06
-4.3155e-06
-4.166e-06
-3.9291e-06
-3.5979e-06
-3.0769e-06
-2.571e-06
-2.2312e-06
-2.2222e-06
-2.2079e-06
-2.1882e-06
-2.163e-06
-2.1326e-06
-2.0967e-06
-2.0555e-06
-2.0088e-06
-1.9568e-06
-1.8994e-06
-1.8367e-06
-1.7685e-06
-1.695e-06
-1.6161e-06
-1.5319e-06
-1.4422e-06
-1.3472e-06
-1.2468e-06
-1.141e-06
-1.0298e-06
-9.1325e-07
-7.9132e-07
-6.6402e-07
-5.3133e-07
-3.9327e-07
-2.4983e-07
-1.01e-07
5.3196e-08
2.1278e-07
3.7773e-07
5.4807e-07
7.2379e-07
9.0488e-07
1.0914e-06
1.2832e-06
1.4804e-06
1.6831e-06
1.891e-06
2.1044e-06
2.3232e-06
2.5473e-06
2.7768e-06
3.0117e-06
3.2519e-06
3.4976e-06
3.7486e-06
4.005e-06
4.2668e-06
4.5339e-06
4.8065e-06
