-2.8268e-06
-2.7628e-06
-2.6991e-06
-2.6357e-06
-2.5726e-06
-2.5098e-06
-2.4473e-06
-2.3851e-06
-2.3232e-06
-2.2615e-06
-2.2002e-06
-2.1391e-06
-2.0783e-06
-2.0178e-06
-1.9576e-06
-1.8977e-06
-1.8381e-06
-1.7788e-06
-1.7198e-06
-1.661e-06
-1.6026e-06
-1.5444e-06
-1.4865e-06
-1.429e-06
-1.3717e-06
-1.3147e-06
-1.258e-06
-1.2015e-06
-1.1454e-06
-1.0896e-06
-1.034e-06
-9.7877e-07
-9.238e-07
-8.6912e-07
-8.1473e-07
-7.6064e-07
-7.0683e-07
-6.5331e-07
-6.0008e-07
-5.4715e-07
-4.945e-07
-4.4214e-07
-3.9008e-07
-3.383e-07
-2.8681e-07
-2.3562e-07
-1.8471e-07
-1.341e-07
-8.3771e-08
-3.3735e-08
1.6009e-08
2.2203e-07
4.1457e-07
5.9421e-07
7.564e-07
9.0262e-07
1.03e-06
1.1421e-06
1.238e-06
1.3203e-06
1.3868e-06
1.441e-06
1.4822e-06
1.5111e-06
1.5256e-06
1.5266e-06
1.5128e-06
1.4835e-06
1.4382e-06
1.3771e-06
1.2999e-06
1.2072e-06
1.0996e-06
9.7864e-07
8.4653e-07
7.0596e-07
5.6017e-07
4.128e-07
2.6773e-07
1.2999e-07
5.3832e-09
-1.0396e-07
-1.9592e-07
-2.6809e-07
-3.1834e-07
-3.4589e-07
-3.4992e-07
-3.311e-07
-2.9096e-07
-2.3141e-07
-1.5474e-07
-6.4003e-08
3.7866e-08
1.4784e-07
2.611e-07
3.7403e-07
4.8389e-07
5.8658e-07
6.7749e-07
7.5241e-07
8.088e-07
8.4369e-07
8.5442e-07
8.395e-07
7.9834e-07
7.3091e-07
6.382e-07
5.2225e-07
3.8565e-07
2.3192e-07
6.412e-08
-1.1489e-07
-3.0127e-07
-4.9155e-07
-6.8424e-07
-8.783e-07
-1.0728e-06
-1.2672e-06
-1.462e-06
-1.6582e-06
-1.8562e-06
-2.0566e-06
-2.2594e-06
-2.4641e-06
-2.6687e-06
-2.8701e-06
-3.0637e-06
-3.2441e-06
-3.4066e-06
-3.5463e-06
-3.6589e-06
-3.7408e-06
-3.7895e-06
-3.8052e-06
-3.7894e-06
-3.7434e-06
-3.6701e-06
-3.5766e-06
-3.4709e-06
-3.3587e-06
-3.2459e-06
-3.1374e-06
-3.0376e-06
-2.9499e-06
-2.875e-06
-2.8121e-06
-2.7608e-06
-2.7192e-06
-2.684e-06
-2.6517e-06
-2.6187e-06
-2.5819e-06
-2.5405e-06
-2.4945e-06
-2.443e-06
-2.3861e-06
-2.3246e-06
-2.2605e-06
-2.1963e-06
-2.1344e-06
-2.0754e-06
-2.0188e-06
-1.9644e-06
-1.9113e-06
-1.8586e-06
-1.804e-06
-1.7446e-06
-1.6768e-06
-1.596e-06
-1.4991e-06
-1.3832e-06
-1.2454e-06
-1.0836e-06
-8.9678e-07
-6.8428e-07
-4.4699e-07
-1.8771e-07
8.8798e-08
3.7518e-07
6.6458e-07
9.4871e-07
1.2165e-06
1.4598e-06
1.6699e-06
1.8389e-06
1.9611e-06
2.0323e-06
2.0505e-06
2.0165e-06
1.9335e-06
1.8064e-06
1.6421e-06
1.4494e-06
1.2383e-06
1.0209e-06
8.0653e-07
6.0446e-07
4.216e-07
2.651e-07
1.4027e-07
5.0461e-08
-2.522e-09
-1.8729e-08
-1.2352e-10
5.01e-08
1.2778e-07
2.277e-07
3.4387e-07
4.6973e-07
5.9853e-07
7.2356e-07
8.3958e-07
9.4229e-07
1.0274e-06
1.0919e-06
1.1344e-06
1.1542e-06
1.1515e-06
1.1268e-06
1.0814e-06
1.0172e-06
9.3527e-07
8.3675e-07
7.2289e-07
5.9448e-07
4.5161e-07
2.9398e-07
1.2069e-07
-6.9247e-08
-2.757e-07
-4.9807e-07
-7.3473e-07
-9.8353e-07
-1.2415e-06
-1.5044e-06
-1.7662e-06
-2.0212e-06
-2.2627e-06
-2.4855e-06
-2.6851e-06
-2.8574e-06
-2.9992e-06
-3.1092e-06
-3.1878e-06
-3.2369e-06
-3.26e-06
-3.2612e-06
-3.2436e-06
-3.2114e-06
-3.1684e-06
-3.1182e-06
-3.0629e-06
-3.0038e-06
-2.9413e-06
-2.8758e-06
-2.8088e-06
-2.7415e-06
-2.6736e-06
-2.6055e-06
-2.538e-06
-2.4728e-06
-2.4115e-06
-2.3563e-06
-2.31e-06
-2.2745e-06
-2.2502e-06
-2.2376e-06
-2.2371e-06
-2.2484e-06
-2.27e-06
-2.2989e-06
-2.3327e-06
-2.3719e-06
-2.4152e-06
-2.4615e-06
-2.5109e-06
-2.5637e-06
-2.6195e-06
-2.6768e-06
-2.7315e-06
-2.7806e-06
-2.8211e-06
-2.848e-06
-2.8549e-06
-2.8351e-06
-2.7826e-06
-2.6927e-06
-2.5617e-06
-2.3882e-06
-2.1738e-06
-1.9236e-06
-1.6459e-06
-1.3478e-06
-1.0378e-06
-7.2717e-07
-4.2902e-07
-1.5186e-07
9.6964e-08
3.121e-07
4.8983e-07
6.2889e-07
7.3091e-07
7.9985e-07
8.4296e-07
8.7145e-07
8.9249e-07
9.1163e-07
9.3498e-07
9.6723e-07
1.0112e-06
1.0672e-06
1.133e-06
1.204e-06
1.2738e-06
1.3337e-06
1.3741e-06
1.389e-06
1.3753e-06
1.3292e-06
1.2492e-06
1.136e-06
9.9341e-07
8.2712e-07
6.4428e-07
4.53e-07
2.6301e-07
8.351e-08
-8.0076e-08
-2.2186e-07
-3.3723e-07
-4.2283e-07
-4.7623e-07
-4.9635e-07
-4.8375e-07
-4.399e-07
-3.6689e-07
-2.6822e-07
-1.4983e-07
-1.9881e-08
1.1357e-07
2.4074e-07
3.5396e-07
4.4567e-07
5.0873e-07
5.3817e-07
5.3043e-07
4.8347e-07
3.9761e-07
2.7557e-07
1.2223e-07
-5.5004e-08
-2.4633e-07
-4.4542e-07
-6.4758e-07
-8.4507e-07
-1.0312e-06
-1.2005e-06
-1.3495e-06
-1.4768e-06
-1.5822e-06
-1.6664e-06
-1.7312e-06
-1.78e-06
-1.8186e-06
-1.8514e-06
-1.88e-06
-1.9085e-06
-1.9403e-06
-1.9784e-06
-2.0249e-06
-2.0815e-06
-2.1505e-06
-2.2337e-06
-2.3293e-06
-2.437e-06
-2.5554e-06
-2.6828e-06
-2.8168e-06
-2.9544e-06
-3.0917e-06
-3.2256e-06
-3.3556e-06
-3.4803e-06
-3.5995e-06
-3.7151e-06
-3.8303e-06
-3.9488e-06
-4.0748e-06
-4.2131e-06
-4.3676e-06
-4.5393e-06
-4.7261e-06
-4.9224e-06
-5.1229e-06
-5.321e-06
-5.5076e-06
-5.6721e-06
-5.8045e-06
-5.8967e-06
-5.9436e-06
-5.9435e-06
-5.8981e-06
-5.8112e-06
-5.6882e-06
-5.5392e-06
-5.3786e-06
-5.2169e-06
-5.0623e-06
-4.9227e-06
-4.8039e-06
-4.7102e-06
-4.6423e-06
-4.5976e-06
-4.5725e-06
-4.5625e-06
-4.5587e-06
-4.5505e-06
-4.5311e-06
-4.4944e-06
-4.432e-06
-4.3373e-06
-4.2054e-06
-4.0334e-06
-3.8208e-06
-3.5699e-06
-3.2859e-06
-2.9778e-06
-2.6569e-06
-2.3339e-06
-2.0205e-06
-1.7258e-06
-1.4591e-06
-1.2298e-06
-1.0446e-06
-9.0778e-07
-8.2204e-07
-7.8827e-07
-8.0497e-07
-8.6806e-07
-9.7095e-07
-1.104e-06
-1.2547e-06
-1.4102e-06
-1.5551e-06
-1.6766e-06
-1.7631e-06
-1.8016e-06
-1.7809e-06
-1.6932e-06
-1.5343e-06
-1.3043e-06
-1.0091e-06
-6.616e-07
-2.7626e-07
1.2784e-07
5.2142e-07
8.7572e-07
1.1705e-06
1.3847e-06
1.4994e-06
1.5016e-06
1.386e-06
1.1548e-06
8.1869e-07
3.9706e-07
-8.6835e-08
-6.0827e-07
-1.1354e-06
-1.6327e-06
-2.079e-06
-2.4555e-06
-2.7454e-06
-2.9374e-06
-3.0277e-06
-3.0184e-06
-2.9164e-06
-2.7325e-06
-2.4816e-06
-2.1823e-06
-1.8557e-06
-1.5261e-06
-1.2108e-06
-9.2021e-07
-6.665e-07
-4.5874e-07
-3.0126e-07
-1.9276e-07
-1.2668e-07
-9.0454e-08
-6.5919e-08
-3.8854e-08
-1.251e-09
5.6775e-08
1.4144e-07
2.5444e-07
3.9273e-07
5.4899e-07
7.1223e-07
8.6905e-07
1.0054e-06
1.1123e-06
1.1858e-06
1.2237e-06
1.2252e-06
1.1912e-06
1.1259e-06
1.0339e-06
9.2023e-07
7.8913e-07
6.4358e-07
4.8566e-07
3.177e-07
1.4184e-07
-4.0516e-08
-2.2587e-07
-4.0832e-07
-5.8135e-07
-7.3516e-07
-8.6345e-07
-9.6166e-07
-1.0256e-06
-1.0537e-06
-1.0469e-06
-1.008e-06
-9.4194e-07
-8.5502e-07
-7.5385e-07
-6.4487e-07
-5.334e-07
-4.2239e-07
-3.1474e-07
-2.1576e-07
-1.2948e-07
-5.852e-08
-1.3868e-09
4.3523e-08
7.6348e-08
9.7879e-08
1.0972e-07
1.1409e-07
1.1363e-07
1.1154e-07
1.1116e-07
1.1435e-07
1.2097e-07
1.352e-07
1.5962e-07
1.8918e-07
2.1998e-07
2.477e-07
2.666e-07
2.6928e-07
2.4781e-07
1.949e-07
1.0502e-07
-2.3153e-08
-1.8404e-07
-3.6993e-07
-5.7745e-07
-7.9971e-07
-1.0259e-06
-1.2415e-06
-1.4344e-06
-1.5956e-06
-1.7187e-06
-1.8012e-06
-1.8445e-06
-1.8542e-06
-1.843e-06
-1.8308e-06
-1.8271e-06
-1.8423e-06
-1.8879e-06
-1.9731e-06
-2.1021e-06
-2.2739e-06
-2.4896e-06
-2.7486e-06
-3.0459e-06
-3.3732e-06
-3.7192e-06
-4.0691e-06
-4.4144e-06
-4.7511e-06
-5.0732e-06
-5.3737e-06
-5.6466e-06
-5.8916e-06
-6.1121e-06
-6.3161e-06
-6.5171e-06
-6.7259e-06
-6.9478e-06
-7.1901e-06
-7.4567e-06
-7.7465e-06
-8.0581e-06
-8.3873e-06
-8.7265e-06
-9.0655e-06
-9.3932e-06
-9.7034e-06
-9.9951e-06
-1.0268e-05
-1.0526e-05
-1.0771e-05
-1.1006e-05
-1.1231e-05
-1.1446e-05
-1.1652e-05
-1.1846e-05
-1.2022e-05
-1.2175e-05
-1.23e-05
-1.2389e-05
-1.2436e-05
-1.2433e-05
-1.2366e-05
-1.2228e-05
-1.2017e-05
-1.1725e-05
-1.1348e-05
-1.089e-05
-1.0358e-05
-9.7653e-06
-9.1302e-06
-8.4746e-06
-7.821e-06
-7.1911e-06
-6.6052e-06
-6.0811e-06
-5.627e-06
-5.2457e-06
-4.9382e-06
-4.7014e-06
-4.5334e-06
-4.43e-06
-4.3831e-06
-4.3831e-06
-4.4197e-06
-4.4807e-06
-4.5527e-06
-4.6218e-06
-4.6736e-06
-4.6925e-06
-4.6633e-06
-4.5844e-06
-4.4576e-06
-4.284e-06
-4.0715e-06
-3.8325e-06
-3.5826e-06
-3.339e-06
-3.119e-06
-2.9368e-06
-2.8019e-06
-2.7229e-06
-2.704e-06
-2.7407e-06
-2.8187e-06
-2.9202e-06
-3.0282e-06
-3.1249e-06
-3.1939e-06
-3.2229e-06
-3.2057e-06
-3.1424e-06
-3.0394e-06
-2.9087e-06
-2.7669e-06
-2.624e-06
-2.4872e-06
-2.3663e-06
-2.2683e-06
-2.1977e-06
-2.1555e-06
-2.1385e-06
-2.1331e-06
-2.1288e-06
-2.1245e-06
-2.1152e-06
-2.0971e-06
-2.0698e-06
-2.0353e-06
-1.9947e-06
-1.9492e-06
-1.9044e-06
-1.8684e-06
-1.8469e-06
-1.8412e-06
-1.8534e-06
-1.8862e-06
-1.9408e-06
-2.0175e-06
-2.1162e-06
-2.2371e-06
-2.3813e-06
-2.5457e-06
-2.7237e-06
-2.9085e-06
-3.1003e-06
-3.3009e-06
-3.509e-06
-3.7227e-06
-3.9419e-06
-4.1682e-06
-4.403e-06
-4.6462e-06
-4.8958e-06
-5.1484e-06
-5.3964e-06
-5.6296e-06
-5.8362e-06
-6.0045e-06
-6.1234e-06
-6.1831e-06
-6.176e-06
-6.0991e-06
-5.9602e-06
-5.7704e-06
-5.5367e-06
-5.2756e-06
-5.0069e-06
-4.7537e-06
-4.541e-06
-4.3933e-06
-4.3257e-06
-4.3456e-06
-4.4576e-06
-4.659e-06
-4.937e-06
-5.2658e-06
-5.6181e-06
-5.9727e-06
-6.3082e-06
-6.5998e-06
-6.8252e-06
-6.9684e-06
-7.0215e-06
-6.9851e-06
-6.8679e-06
-6.6841e-06
-6.4484e-06
-6.1767e-06
-5.8882e-06
-5.609e-06
-5.369e-06
-5.1832e-06
-5.0555e-06
-4.9765e-06
-4.921e-06
-4.8629e-06
-4.7897e-06
-4.6879e-06
-4.5463e-06
-4.3616e-06
-4.14e-06
-3.8875e-06
-3.6089e-06
-3.3114e-06
-3.0062e-06
-2.6985e-06
-2.3882e-06
-2.0791e-06
-1.777e-06
-1.4868e-06
-1.2155e-06
-9.7486e-07
-7.7949e-07
-6.3549e-07
-5.3633e-07
-4.8005e-07
-4.6119e-07
-4.6142e-07
-4.5651e-07
-4.2251e-07
-3.3954e-07
-1.9869e-07
-8.0756e-09
2.1545e-07
4.5079e-07
6.6488e-07
8.2356e-07
9.0051e-07
8.8226e-07
7.6843e-07
5.7095e-07
3.1179e-07
1.8016e-08
-2.876e-07
-5.9211e-07
-8.8534e-07
-1.1569e-06
-1.3942e-06
-1.5821e-06
-1.707e-06
-1.7614e-06
-1.7489e-06
-1.6864e-06
-1.6037e-06
-1.5378e-06
-1.5196e-06
-1.571e-06
-1.707e-06
-1.9331e-06
-2.2406e-06
-2.6081e-06
-3.0149e-06
-3.4486e-06
-3.897e-06
-4.3478e-06
-4.7895e-06
-5.2108e-06
-5.5997e-06
-5.9456e-06
-6.2434e-06
-6.495e-06
-6.7107e-06
-6.9091e-06
-7.1011e-06
-7.3052e-06
-7.5425e-06
-7.8128e-06
-8.0956e-06
-8.3557e-06
-8.5464e-06
-8.6206e-06
-8.5485e-06
-8.3329e-06
-8.0088e-06
-7.6382e-06
-7.2907e-06
-7.0313e-06
-6.9091e-06
-6.9321e-06
-7.0611e-06
-7.2484e-06
-7.417e-06
-7.5112e-06
-7.496e-06
-7.3922e-06
-7.2153e-06
-7.0371e-06
-6.889e-06
-6.8089e-06
-6.7986e-06
-6.805e-06
-6.7905e-06
-6.7495e-06
-6.6998e-06
-6.6896e-06
-6.7882e-06
-7.0103e-06
-7.3557e-06
-7.7432e-06
-8.1317e-06
-8.4844e-06
-8.7551e-06
-8.9397e-06
-8.9656e-06
-9.023e-06
-9.0904e-06
-9.1345e-06
-9.3097e-06
-9.337e-06
-9.3854e-06
-9.2726e-06
-9.1689e-06
-9.1735e-06
-9.4146e-06
-9.947e-06
-1.0753e-05
-1.1901e-05
-1.323e-05
-1.4639e-05
-1.5892e-05
-1.7017e-05
-1.8092e-05
-1.9043e-05
-1.9923e-05
-2.1054e-05
-2.2546e-05
-2.4155e-05
-2.5242e-05
-2.5812e-05
-2.6239e-05
-2.6284e-05
-2.6255e-05
-2.5941e-05
-2.5436e-05
-2.4947e-05
-2.3898e-05
-2.2327e-05
-2.0709e-05
-1.8593e-05
-1.6144e-05
-1.3504e-05
-1.1614e-05
-9.2452e-06
-5.7964e-06
-1.3515e-06
3.7001e-06
9.1444e-06
1.5137e-05
2.1452e-05
2.756e-05
3.4862e-05
4.2908e-05
5.1309e-05
5.9894e-05
6.9561e-05
8.0109e-05
9.0783e-05
0.00010252
0.0001159
0.00012919
0.00014253
0.00015615
0.00017124
0.00018708
0.00020248
0.00021866
0.00023595
0.00025351
0.00027108
0.00028984
0.00030883
0.00032725
0.00034537
0.00036496
0.00038288
0.00040088
0.00041975
0.00043749
0.00045601
0.00047353
0.00049169
0.00051015
0.00052846
0.00054592
0.00056342
0.00057993
0.00059644
0.00061245
0.00062812
0.00064331
0.00065847
0.00067336
0.00068793
0.00070209
0.00071554
0.00072834
0.00074085
0.00075299
0.00076465
0.00077531
0.00078505
0.00079358
0.000801
0.00080743
0.00081279
0.00081718
0.00082073
0.00082325
0.00082467
0.00082483
0.00082355
0.00082083
0.00081656
0.00081114
0.00080493
0.00079791
0.00079026
0.00078206
0.00077324
0.00076383
0.00075329
0.00074189
0.00072959
0.00071639
0.00070261
0.00068849
0.00067417
0.00065966
0.00064417
0.00062798
0.00061154
0.00059465
0.0005777
0.00056035
0.00054311
0.00052601
0.00050881
0.00049142
0.00047453
0.00045753
0.00044046
0.0004233
0.00040741
0.00039147
0.00037508
0.00035843
0.00034149
0.00032453
0.00030837
0.0002917
0.00027632
0.00026018
0.00024479
0.00022915
0.00021443
0.0001989
0.00018349
0.0001678
0.00015242
0.00013465
0.00011813
0.00010241
8.6449e-05
7.0362e-05
5.3862e-05
3.7267e-05
2.2233e-05
6.4066e-06
-9.7784e-06
-2.4943e-05
-4.1474e-05
-5.7923e-05
-7.3738e-05
-8.9266e-05
-0.00010647
-0.00012202
-0.0001372
-0.00015362
-0.00016893
-0.00018473
-0.00020024
-0.00021573
-0.00023123
-0.00024725
-0.00026263
-0.00027812
-0.00029281
-0.00030851
-0.00032369
-0.00033913
-0.00035518
-0.00037186
-0.00038863
-0.00040564
-0.00042288
-0.00044056
-0.00045817
-0.00047589
-0.00049321
-0.0005107
-0.00052799
-0.0005447
-0.00056106
-0.00057734
-0.00059397
-0.00061101
-0.00062801
-0.00064507
-0.00066195
-0.00067789
-0.00069322
-0.00070752
-0.00072112
-0.00073358
-0.00074523
-0.00075591
-0.00076588
-0.00077526
-0.00078396
-0.00079201
-0.00079945
-0.00080563
-0.00081078
-0.00081466
-0.00081727
-0.00081912
-0.00081999
-0.00081984
-0.00081866
-0.00081631
-0.00081284
-0.00080844
-0.00080314
-0.00079682
-0.00078934
-0.000781
-0.00077147
-0.00076104
-0.00074971
-0.00073784
-0.00072543
-0.00071251
-0.00069898
-0.00068521
-0.00067095
-0.00065644
-0.00064183
-0.00062672
-0.00061107
-0.00059587
-0.00057956
-0.00056322
-0.00054619
-0.00052965
-0.00051222
-0.00049492
-0.00047693
-0.00045915
-0.00044042
-0.00042233
-0.0004029
-0.00038408
-0.00036555
-0.00034642
-0.00032808
-0.00030973
-0.00029031
-0.00027274
-0.00025528
-0.00023759
-0.00022089
-0.00020414
-0.00018807
-0.00017255
-0.00015755
-0.00014308
-0.00012936
-0.00011678
-0.0001046
-9.3048e-05
-8.2377e-05
-7.1486e-05
-6.168e-05
-5.284e-05
-4.4114e-05
-3.5993e-05
-2.8731e-05
-2.2262e-05
-1.5804e-05
-1.0392e-05
-5.4511e-06
-4.0026e-07
4.4078e-06
8.5642e-06
1.2189e-05
1.5309e-05
1.8519e-05
2.1364e-05
2.3699e-05
2.5e-05
2.585e-05
2.6319e-05
2.5936e-05
2.5167e-05
2.4232e-05
2.3514e-05
2.3188e-05
2.3011e-05
2.3023e-05
2.3153e-05
2.2926e-05
2.2561e-05
2.1982e-05
2.1388e-05
2.0648e-05
1.9838e-05
1.8616e-05
1.7366e-05
1.6127e-05
1.4963e-05
1.3944e-05
1.313e-05
1.2297e-05
1.149e-05
1.064e-05
9.7212e-06
9.0059e-06
8.4454e-06
8.1261e-06
7.9488e-06
7.9947e-06
8.0779e-06
8.3034e-06
8.7077e-06
9.1164e-06
9.5732e-06
9.9332e-06
1.006e-05
9.8506e-06
9.308e-06
8.5216e-06
7.5981e-06
6.6859e-06
5.8996e-06
5.339e-06
5.0562e-06
5.0628e-06
5.315e-06
5.7717e-06
6.3511e-06
7.0124e-06
7.7104e-06
8.3763e-06
8.9524e-06
9.3771e-06
9.5855e-06
9.5944e-06
9.4154e-06
9.1044e-06
8.7258e-06
8.3407e-06
7.999e-06
7.7257e-06
7.5307e-06
7.4247e-06
7.4019e-06
7.4424e-06
7.5223e-06
7.61e-06
7.6832e-06
7.7358e-06
7.7593e-06
7.7512e-06
7.7195e-06
7.6802e-06
7.6528e-06
7.6573e-06
7.7002e-06
7.7781e-06
7.8899e-06
8.0268e-06
8.1771e-06
8.3304e-06
8.4687e-06
8.5657e-06
8.6034e-06
8.5683e-06
8.4464e-06
8.2376e-06
7.956e-06
7.635e-06
7.3145e-06
7.0168e-06
6.7476e-06
6.5063e-06
6.2908e-06
6.1025e-06
5.9421e-06
5.8097e-06
5.7057e-06
5.6362e-06
5.6157e-06
5.6555e-06
5.7542e-06
5.8986e-06
6.0686e-06
6.2424e-06
6.4005e-06
6.527e-06
6.5875e-06
6.5572e-06
6.4278e-06
6.2046e-06
5.906e-06
5.5622e-06
5.2123e-06
4.893e-06
4.6432e-06
4.5039e-06
4.4979e-06
4.6274e-06
4.8779e-06
5.2206e-06
5.6172e-06
6.0278e-06
6.4179e-06
6.754e-06
7.0134e-06
7.1826e-06
7.2598e-06
7.2528e-06
7.1788e-06
7.0635e-06
6.9314e-06
6.8036e-06
6.6938e-06
6.6087e-06
6.5546e-06
6.5397e-06
6.561e-06
6.6118e-06
6.6873e-06
6.784e-06
6.8959e-06
7.0166e-06
7.1436e-06
7.2686e-06
7.3791e-06
7.4663e-06
7.5276e-06
7.5671e-06
7.5876e-06
7.5878e-06
7.5654e-06
7.5276e-06
7.48e-06
7.4238e-06
7.3619e-06
7.2962e-06
7.2265e-06
7.1511e-06
7.0689e-06
6.9797e-06
6.887e-06
6.7945e-06
6.6958e-06
6.5837e-06
6.451e-06
6.2965e-06
6.1223e-06
5.9258e-06
5.7029e-06
5.449e-06
5.1589e-06
4.8281e-06
4.4562e-06
4.0462e-06
3.5996e-06
3.1312e-06
2.6638e-06
2.2165e-06
1.8053e-06
1.4421e-06
1.1375e-06
9.0053e-07
7.3578e-07
6.4258e-07
6.1539e-07
6.4411e-07
7.149e-07
8.1504e-07
9.2819e-07
1.0351e-06
1.1227e-06
1.1874e-06
1.2303e-06
1.2534e-06
1.2575e-06
1.2428e-06
1.2085e-06
1.1523e-06
1.0689e-06
9.461e-07
7.7164e-07
5.3649e-07
2.3854e-07
-1.1431e-07
-5.0548e-07
-9.1437e-07
-1.3193e-06
-1.6749e-06
-1.942e-06
-2.0957e-06
-2.1242e-06
-2.0285e-06
-1.8191e-06
-1.5135e-06
-1.1272e-06
-6.827e-07
-2.1346e-07
2.5307e-07
6.9755e-07
1.1093e-06
1.486e-06
1.8336e-06
2.1586e-06
2.466e-06
2.7727e-06
3.0924e-06
3.4287e-06
3.7798e-06
4.1456e-06
4.5242e-06
4.9059e-06
5.2796e-06
5.6351e-06
5.9647e-06
6.2641e-06
6.5352e-06
6.7737e-06
6.9812e-06
7.164e-06
7.3249e-06
7.4637e-06
7.5817e-06
7.6795e-06
7.7496e-06
7.781e-06
7.7651e-06
7.6986e-06
7.5789e-06
7.405e-06
7.1788e-06
6.9044e-06
6.5892e-06
6.2383e-06
5.8649e-06
5.4847e-06
5.1087e-06
4.7422e-06
4.3903e-06
4.0573e-06
3.7455e-06
3.4563e-06
3.1888e-06
2.9404e-06
2.7089e-06
2.4929e-06
2.2939e-06
2.1071e-06
1.9258e-06
1.7517e-06
1.5868e-06
1.4325e-06
1.2914e-06
1.1659e-06
1.0545e-06
9.5604e-07
8.7208e-07
8.0344e-07
7.4963e-07
7.085e-07
6.7691e-07
6.5299e-07
6.3277e-07
6.0938e-07
5.7521e-07
5.2305e-07
4.4587e-07
3.3818e-07
1.9429e-07
9.9535e-09
-2.1532e-07
-4.7887e-07
-7.7398e-07
-1.0934e-06
-1.4269e-06
-1.7617e-06
-2.0863e-06
-2.3907e-06
-2.6662e-06
-2.9051e-06
-3.1014e-06
-3.2525e-06
-3.3574e-06
-3.4165e-06
-3.431e-06
-3.403e-06
-3.3346e-06
-3.228e-06
-3.0858e-06
-2.9119e-06
-2.71e-06
-2.485e-06
-2.2451e-06
-2.0006e-06
-1.7658e-06
-1.5551e-06
-1.3828e-06
-1.2595e-06
-1.1922e-06
-1.1809e-06
-1.2183e-06
-1.2909e-06
-1.3803e-06
-1.4658e-06
-1.5259e-06
-1.5424e-06
-1.4982e-06
-1.3812e-06
-1.1865e-06
-9.1693e-07
-5.8357e-07
-2.0321e-07
2.0348e-07
6.1543e-07
1.0146e-06
1.3879e-06
1.728e-06
2.0325e-06
2.3044e-06
2.5526e-06
2.7871e-06
3.0162e-06
3.2456e-06
3.4769e-06
3.708e-06
3.9342e-06
4.1502e-06
4.349e-06
4.52e-06
4.6549e-06
4.749e-06
4.8008e-06
4.8113e-06
4.7831e-06
4.7211e-06
4.6309e-06
4.5181e-06
4.3886e-06
4.2524e-06
4.1188e-06
3.9958e-06
3.8907e-06
3.8093e-06
3.7559e-06
3.7325e-06
3.7388e-06
3.7713e-06
3.8246e-06
3.8936e-06
3.9722e-06
4.0495e-06
4.1169e-06
4.1698e-06
4.207e-06
4.231e-06
4.2463e-06
4.2584e-06
4.2725e-06
4.2928e-06
4.3218e-06
4.3605e-06
4.4078e-06
4.4612e-06
4.5161e-06
4.5678e-06
4.6123e-06
4.6462e-06
4.6671e-06
4.6726e-06
4.6633e-06
4.6418e-06
4.6076e-06
4.5591e-06
4.4948e-06
4.4133e-06
4.3136e-06
4.1948e-06
4.0568e-06
3.9007e-06
3.7287e-06
3.5434e-06
3.347e-06
3.1432e-06
2.9343e-06
2.7222e-06
2.5076e-06
2.2898e-06
2.0673e-06
1.8391e-06
1.6042e-06
1.363e-06
1.1164e-06
8.6565e-07
6.1377e-07
3.6597e-07
1.3052e-07
-8.3018e-08
-2.6356e-07
-4.0036e-07
-4.8324e-07
-5.0467e-07
-4.5969e-07
-3.4601e-07
-1.6517e-07
7.6245e-08
3.6984e-07
7.0819e-07
1.0753e-06
1.4511e-06
1.8199e-06
2.1701e-06
2.4919e-06
2.7791e-06
3.0311e-06
3.2509e-06
3.4421e-06
3.6082e-06
3.7523e-06
3.8739e-06
3.9763e-06
4.0582e-06
4.1106e-06
4.1263e-06
4.0999e-06
4.0276e-06
3.9085e-06
3.7443e-06
3.5409e-06
3.3062e-06
3.0501e-06
2.7829e-06
2.5147e-06
2.2543e-06
2.0082e-06
1.7803e-06
1.5722e-06
1.3852e-06
1.2191e-06
1.0731e-06
9.4673e-07
8.4055e-07
7.5574e-07
6.9386e-07
6.5661e-07
6.4526e-07
6.6015e-07
7.0021e-07
7.6319e-07
8.46e-07
9.4499e-07
1.056e-06
1.1755e-06
1.3009e-06
1.43e-06
1.5613e-06
1.6948e-06
1.831e-06
1.9693e-06
2.1088e-06
2.249e-06
2.3888e-06
2.5262e-06
2.6591e-06
2.7845e-06
2.8992e-06
2.9994e-06
3.0821e-06
3.1444e-06
3.1833e-06
3.1956e-06
3.1805e-06
3.1368e-06
3.0628e-06
2.9597e-06
2.8291e-06
2.6733e-06
2.4948e-06
2.2967e-06
2.0818e-06
1.8534e-06
1.6148e-06
1.3698e-06
1.1219e-06
8.7551e-07
6.3541e-07
4.0603e-07
1.9236e-07
1.9789e-09
-1.5857e-07
-2.8471e-07
-3.7341e-07
-4.233e-07
-4.3505e-07
-4.1112e-07
-3.5546e-07
-2.7366e-07
-1.7255e-07
-5.8373e-08
6.3803e-08
1.9036e-07
3.1644e-07
4.3968e-07
5.6044e-07
6.8011e-07
8.003e-07
9.2333e-07
1.0508e-06
1.1814e-06
1.3128e-06
1.4428e-06
1.5676e-06
1.6812e-06
1.7763e-06
1.8461e-06
1.884e-06
1.8833e-06
1.8388e-06
1.7489e-06
1.6109e-06
1.4247e-06
1.1924e-06
9.1883e-07
6.1479e-07
2.903e-07
-4.5235e-08
-3.8206e-07
-7.0977e-07
-1.0181e-06
-1.298e-06
-1.5415e-06
-1.7424e-06
-1.8968e-06
-1.9997e-06
-2.0473e-06
-2.039e-06
-1.9759e-06
-1.8615e-06
-1.7012e-06
-1.5022e-06
-1.2735e-06
-1.0249e-06
-7.6629e-07
-5.0834e-07
-2.5971e-07
-3.1772e-08
1.6463e-07
3.2393e-07
4.4429e-07
5.2616e-07
5.7209e-07
5.8703e-07
5.78e-07
5.5248e-07
5.1783e-07
4.8301e-07
4.5589e-07
4.42e-07
4.4523e-07
4.6834e-07
5.1386e-07
5.8287e-07
6.7392e-07
7.846e-07
9.1198e-07
1.0525e-06
1.2027e-06
1.3602e-06
1.5222e-06
1.6848e-06
1.8457e-06
2.0043e-06
2.1582e-06
2.3045e-06
2.4436e-06
2.5758e-06
2.7024e-06
2.8214e-06
2.9311e-06
3.0324e-06
3.1274e-06
3.2182e-06
3.3072e-06
3.397e-06
3.4906e-06
3.59e-06
3.6965e-06
3.8116e-06
3.9361e-06
4.0664e-06
4.1983e-06
4.329e-06
4.4546e-06
4.5706e-06
4.673e-06
4.758e-06
4.8232e-06
4.8693e-06
4.8991e-06
4.9164e-06
4.9251e-06
4.9292e-06
4.9359e-06
4.9512e-06
4.9782e-06
5.0179e-06
5.0699e-06
5.1313e-06
5.197e-06
5.2625e-06
5.3225e-06
5.37e-06
5.3985e-06
5.4035e-06
5.383e-06
5.337e-06
5.2663e-06
5.1742e-06
5.0668e-06
4.95e-06
4.834e-06
4.7289e-06
4.6434e-06
4.5853e-06
4.5602e-06
4.5722e-06
4.6229e-06
4.7114e-06
4.8341e-06
4.9839e-06
5.1513e-06
5.3247e-06
5.4934e-06
5.6463e-06
5.7684e-06
5.8463e-06
5.8699e-06
5.832e-06
5.7287e-06
5.5585e-06
5.323e-06
5.0284e-06
4.683e-06
4.2963e-06
3.8794e-06
3.4423e-06
2.9976e-06
2.5598e-06
2.1397e-06
1.7435e-06
1.3757e-06
1.0392e-06
7.3504e-07
4.6296e-07
2.204e-07
3.6887e-09
-1.9131e-07
-3.6905e-07
-5.3348e-07
-6.8831e-07
-8.364e-07
-9.8135e-07
-1.1276e-06
-1.2781e-06
-1.4355e-06
-1.6028e-06
-1.7821e-06
-1.9757e-06
-2.1864e-06
-2.4161e-06
-2.6646e-06
-2.9309e-06
-3.2142e-06
-3.5117e-06
-3.8176e-06
-4.1254e-06
-4.4276e-06
-4.7171e-06
-4.9832e-06
-5.2145e-06
-5.4021e-06
-5.5391e-06
-5.6202e-06
-5.6423e-06
-5.6053e-06
-5.5123e-06
-5.3683e-06
-5.1801e-06
-4.9564e-06
-4.7079e-06
-4.444e-06
-4.1731e-06
-3.9049e-06
-3.6455e-06
-3.4007e-06
-3.1739e-06
-2.965e-06
-2.7726e-06
-2.5943e-06
-2.4274e-06
-2.269e-06
-2.1153e-06
-1.9627e-06
-1.809e-06
-1.6526e-06
-1.4924e-06
-1.3281e-06
-1.1586e-06
-9.8336e-07
-8.0342e-07
-6.2022e-07
-4.3437e-07
-2.4551e-07
-5.4785e-08
1.3477e-07
3.203e-07
4.9953e-07
6.7045e-07
8.3084e-07
9.7809e-07
1.1096e-06
1.2231e-06
1.3167e-06
1.3885e-06
1.4372e-06
1.4622e-06
1.4637e-06
1.4424e-06
1.3997e-06
1.3374e-06
1.2588e-06
1.168e-06
1.0693e-06
9.6572e-07
8.6142e-07
7.6197e-07
6.7126e-07
5.9219e-07
5.269e-07
4.7691e-07
4.4306e-07
4.2529e-07
4.2247e-07
4.3271e-07
4.5345e-07
4.8177e-07
5.1471e-07
5.504e-07
5.8619e-07
6.1954e-07
6.4956e-07
6.7635e-07
6.9999e-07
7.2091e-07
7.3972e-07
7.5861e-07
7.7974e-07
8.0508e-07
8.3639e-07
8.7494e-07
9.2176e-07
9.7792e-07
1.0447e-06
1.1225e-06
1.2118e-06
1.3136e-06
1.4294e-06
1.5609e-06
1.709e-06
1.875e-06
2.0607e-06
2.2674e-06
2.4959e-06
2.7466e-06
3.0184e-06
3.3094e-06
3.617e-06
3.9364e-06
4.2606e-06
4.5834e-06
4.8978e-06
5.1947e-06
5.4662e-06
5.7054e-06
5.9061e-06
6.064e-06
6.1774e-06
6.2463e-06
6.2719e-06
6.2576e-06
6.209e-06
6.1318e-06
6.0317e-06
5.9173e-06
5.7946e-06
5.671e-06
5.5526e-06
5.4433e-06
5.3445e-06
5.2544e-06
5.1706e-06
5.0896e-06
5.0084e-06
4.9238e-06
4.8241e-06
4.7018e-06
4.5549e-06
4.3812e-06
4.1784e-06
3.9455e-06
3.6854e-06
3.4016e-06
3.1012e-06
2.7888e-06
2.472e-06
2.1603e-06
1.8638e-06
1.587e-06
1.3415e-06
1.1359e-06
9.6075e-07
9.0099e-07
8.4771e-07
8.0092e-07
7.606e-07
7.2678e-07
6.9943e-07
6.7857e-07
6.6419e-07
6.5629e-07
6.5488e-07
6.5995e-07
6.715e-07
6.8953e-07
7.1405e-07
7.4505e-07
7.8254e-07
8.2651e-07
8.7696e-07
9.3389e-07
9.9731e-07
1.0672e-06
1.1436e-06
1.2265e-06
1.3158e-06
1.4116e-06
1.514e-06
1.6228e-06
1.738e-06
1.8598e-06
1.988e-06
2.1228e-06
2.264e-06
2.4117e-06
2.5659e-06
2.7265e-06
2.8937e-06
3.0673e-06
3.2474e-06
3.434e-06
3.6271e-06
3.8266e-06
4.0327e-06
4.2452e-06
4.4642e-06
4.6897e-06
4.9217e-06
5.1602e-06
5.4051e-06
5.6565e-06
5.9144e-06
