0.0133760840129799
0.01437480392994874
0.01380769002538427
0.01438224093387036
0.01424657225359813
0.01448036082190572
0.01452185111468607
0.01468235744511714
0.01478235366508883
0.01493033044241214
0.01505649404035943
0.01520609591550442
0.01534450318133453
0.01549422605061462
0.01563984030184319
0.01579117184049965
0.01594027989939329
0.01609131529613376
0.01624102900551512
0.016391263726954
0.01653741969398966
0.0166885489937484
0.01683120356634168
0.01697547513471274
0.01711473126428313
0.01725899568913165
0.01738878448704622
0.01752536377496102
0.01765082184399195
0.01777749588777751
0.01789125858804998
0.01800552177241781
0.01810668863427194
0.01821271226819628
0.01830502887440273
0.01840477933169102
0.01848785675766685
0.01857658951883756
0.01865244229315572
0.01873048992160559
0.01879867512320662
0.01886731921947005
0.01892732846525845
0.01898543087104541
0.01903809662250628
0.01908674321780379
0.01913176808848195
0.01917162886142639
0.01920883584062489
0.0192414088225123
0.01927062185177968
0.01929571983428667
0.01931967298967381
0.01933672165923985
0.01935401055570922
0.01936561030556879
0.01937623822972148
0.01938095802851557
0.01938512351582673
0.01938225864391334
0.01937088176599857
0.01934973035673549
0.01931327514393349
0.01926339922533638
0.0192042931621582
0.01914936126020456
0.01909275501546585
0.01904407973341927
0.01898471855092919
0.0189345744016592
0.01887269911037829
0.01881539024583063
0.01874984156968539
0.01868604025523598
0.01861265677431266
0.0185385346999446
0.01845513558304689
0.01836826023886315
0.01827301956976179
0.01817570035445735
0.01806935473126222
0.01795966764745383
0.01784099437696891
0.01771820977957948
0.01758472258187449
0.01744431883228931
0.01729627246903036
0.01714174079835173
0.01697908399918016
0.01681344574736342
0.01664026335953744
0.01647324023638405
0.01629895438106586
0.01613396212177386
0.01596537386268882
0.01580266586681648
0.01563759536770074
0.01548053515342136
0.0153219033360543
0.01516716890287332
0.0150126094215065
0.01486425713112207
0.01471615395725465
0.01457454596519496
0.01443232225854734
0.01429614848521355
0.01416249401063236
0.01402611678716044
0.01389670886179357
0.01376200178824017
0.0136315974371987
0.01349845146046036
0.01336790384021331
0.01324083862137203
0.01311830523399228
0.01299931467647765
0.01288555194081226
0.01277523017945713
0.01267075950491098
0.01257053182595548
0.01247298196032913
0.01237970925469991
0.01228734419745691
0.01219949459460137
0.01211567713148016
0.01203152640336717
0.01195343262663902
0.01187526808066842
0.01180219955195552
0.01173058020255627
0.01166383575837729
0.01159865465499643
0.0115352659525333
0.01147783784457202
0.01142355910390494
0.01136971666234755
0.01131970575194677
0.01127413396763916
0.01123191998306036
0.01119377274868518
0.01115709845916484
0.01112365021539454
0.01109356888179619
0.01106413088988431
0.01103876007139242
0.0110172984262827
0.01099965923222168
0.01098531825577307
0.01097140694097111
0.0109598232135833
0.01095436307588437
0.01095035924474848
0.01094291039351958
0.01094860800563088
0.01094895717401799
0.01095390091311764
0.0109629253335506
0.01096818774269875
0.01098508401905893
0.01099477269422504
0.01101205579598573
0.01103404680671827
0.01105365350621482
0.01106880534456749
0.01109515711723101
0.01112462196310157
0.01115619717780074
0.0111866695046844
0.0112185598042618
0.01125204323100168
0.01128722651608705
0.01132297907435666
0.01135952608688874
0.01139848193756741
0.01144310387916618
0.01149546191300779
0.01153784082853069
0.01157572274482114
0.01163439836329867
0.01167287920000888
0.011724611026983
0.01178031647179759
0.01182145197747179
0.01187860375434634
0.01192885550734727
0.01197051106327465
0.01203243202350944
0.0120756422242567
0.01212092003164462
0.01215948356477105
0.01221288774721839
0.01224535544532257
0.01228493586392158
0.01230943716065308
0.0123323648028431
0.01234818349221253
0.01235857946696874
0.01236775352086333
0.0123709591914158
0.01236872818709645
0.01236402905239943
0.01232009300580034
0.01226104086541439
0.01219763153490624
0.01215841715958541
0.01203994580737281
0.01194976352093535
0.01185486125884348
0.01169730277744433
0.01159649642431394
0.01142542575032699
0.01126913840342131
0.01109599056311695
0.01092050777953801
0.01076347809416391
0.01058501543366968
0.01037993103526271
0.01021336296090809
0.01003164434983698
0.009883254414825168
0.009707136915269076
0.009559171308436816
0.009386047459898187
0.009239745404433956
0.009079583254442128
0.008927741767919099
0.008767269141059221
0.008618066536632179
0.008474062248475241
0.008335618617489448
0.008206761563866242
0.008091762318904034
0.007971286792638328
0.007830958364634589
0.00770458059290504
0.007596616877915477
0.007551660131475057
0.007502747636864581
0.007409521235718954
0.007311465394340616
0.007260879181228744
0.007224346532890845
0.007190593375186552
0.00712400175653767
0.007027723195654005
0.00691915936634288
0.006791193629344032
0.006651296131325704
0.00644452311172111
0.006170260041670303
0.005755858149435234
0.005206777254718522
0.004446710272060415
0.003179356339306559
0.001286872479168955
0.000318513058643889
-0.0003185446063666582
-0.001286841224518968
-0.00317929663177764
-0.004446719873972604
-0.005206866072381309
-0.00575592801487572
-0.006170252502311902
-0.006444376807102825
-0.006651185386457851
-0.006791367360787998
-0.006919256518818531
-0.007027657368877463
-0.007123899792459684
-0.007190722546067273
-0.007224291610468713
-0.007260697404810688
-0.007311852110399183
-0.007409236968822012
-0.007502611228554549
-0.007552106030375609
-0.007596300169822694
-0.007704613569770561
-0.007831256854992632
-0.00797078250204143
-0.008091862280395818
-0.00820725899573259
-0.008335168816313406
-0.008474082750201312
-0.008618327615482048
-0.008766895297179557
-0.008927833650751015
-0.009080010279497515
-0.009239751404896704
-0.00938546977474581
-0.009559121246780117
-0.009708255968739204
-0.009882735012342972
-0.01003132455455392
-0.01021434208808119
-0.01038062576225468
-0.01058116799895135
-0.01076257566021156
-0.01092349869188012
-0.01109672818953895
-0.01126595080810484
-0.01142366680227404
-0.01159805382737921
-0.01169937056399738
-0.01185427442111273
-0.01194922545470505
-0.0120392684575623
-0.01215861824414572
-0.01219774927135414
-0.01226111683925703
-0.01232022920614619
-0.0123641282212643
-0.01236853854220385
-0.01237087782797337
-0.01236794084645198
-0.012358638840496
-0.01234809744723911
-0.01233220859293008
-0.01230936273574874
-0.01228503383676104
-0.01224554860742831
-0.01221295588744919
-0.01215938678086438
-0.01212078775048086
-0.01207561155344643
-0.01203246461796948
-0.01197057299463897
-0.01192890934638599
-0.01187861856158127
-0.0118214008376844
-0.01178027879085817
-0.01172460176749365
-0.01167286523834416
-0.01163441993543354
-0.01157578143066822
-0.0115378722471762
-0.01149544108233098
-0.01144303975034567
-0.01139843311862939
-0.01135953910689542
-0.01132305432376293
-0.01128729859281744
-0.0112520299281824
-0.01121848528558704
-0.01118661307381415
-0.01115619139216607
-0.011124675273302
-0.01109522430374913
-0.01106882461773673
-0.01105361319644047
-0.0110339942827936
-0.0110120345977182
-0.01099478632893419
-0.01098511500254316
-0.01096822156114736
-0.01096293207489087
-0.0109538823686802
-0.01094893188311669
-0.01094859110730409
-0.01094290619954588
-0.01095037605232675
-0.01095439284597807
-0.01095983921618031
-0.010971400127681
-0.0109852926103786
-0.01099963200179626
-0.01101729071223043
-0.01103878096216457
-0.01106416780421285
-0.01109359233280778
-0.01112363372937248
-0.01115706405291207
-0.01119374323869751
-0.01123191762279156
-0.01127416676626675
-0.01131974548023741
-0.01136972753307553
-0.0114235344801232
-0.01147780331887276
-0.01153524562345161
-0.01159866477313907
-0.01166386943036205
-0.01173060929613532
-0.01180219800751178
-0.01187524063777555
-0.01195340549230351
-0.01203151752055267
-0.01211569327889884
-0.01219952346348664
-0.01228736113183813
-0.01237969987568842
-0.0124729581632146
-0.01257051411567406
-0.01267075935411309
-0.01277524740191393
-0.01288557255354461
-0.01299932178816551
-0.01311829348165333
-0.01324082050238085
-0.01336789425313716
-0.01349845510738361
-0.01363161190317767
-0.01376201606323767
-0.01389671068196204
-0.01402610604503298
-0.01416248151265651
-0.01429614342136252
-0.01443232746109536
-0.01457455779111902
-0.01471616326465689
-0.01486425619618474
-0.01501259959118849
-0.01516715958394142
-0.01532190069998421
-0.01548054096941161
-0.01563760627847118
-0.01580267226415162
-0.01596537017815504
-0.01613395301650434
-0.01629894745397726
-0.01647324065988108
-0.0166402712811412
-0.01681345516346764
-0.01697908636127838
-0.01714173467536288
-0.01729626431732061
-0.01744431575187839
-0.01758472659117869
-0.01771821862426315
-0.01784099998293519
-0.01795966506613593
-0.01806934746547461
-0.01817569480067471
-0.01827302036823988
-0.01836826683112121
-0.0184551423448657
-0.01853853533452832
-0.01861265121891684
-0.01868603449592313
-0.01874984068067066
-0.01881539542632146
-0.01887270594478984
-0.01893457664536526
-0.0189847148009541
-0.01904407468073828
-0.01909275375787352
-0.01914936505985158
-0.01920429911367918
-0.01926340188846843
-0.01931327235176562
-0.01934972594328087
-0.01937088045474437
-0.0193822619320187
-0.01938512846286755
-0.01938096009544565
-0.01937623581160967
-0.01936560668621513
-0.01935400960327881
-0.01933672461480327
-0.01931967725144232
-0.01929572141492232
-0.0192706198208414
-0.01924140618692001
-0.01920883565966826
-0.01917163166788598
-0.01913177190122708
-0.01908674477435316
-0.01903809521942312
-0.01898542890765886
-0.01892732852922443
-0.01886732208532543
-0.01879867871108716
-0.01873049095383383
-0.01865244036359284
-0.01857658793830973
-0.01848785809803704
-0.01840478150857076
-0.01830503089533449
-0.0182127135609619
-0.01810668678057903
-0.01800551985269076
-0.0178912607772441
-0.01777749855109239
-0.01765082257670315
-0.01752536397098318
-0.01738878371814705
-0.01725899492138157
-0.01711473357274629
-0.01697547781326803
-0.01683120407331742
-0.01668854896713321
-0.01653741916839208
-0.01639126438393397
-0.01624103108821777
-0.0160913174428018
-0.01594027988977141
-0.01579117095619362
-0.0156398403117798
-0.01549422725904767
-0.01534450509012971
-0.01520609665719582
-0.01505649339607033
-0.01493033008087355
-0.01478235460524268
-0.01468235948097316
-0.0145218522177679
-0.01448036024911152
-0.01424657213684899
-0.01438224213796022
-0.01380769137712304
-0.01437480482795657
-0.0133760845686868
